0 1000
0.000333333 1000.02
0.000666667 1000.23
0.001 1001.33
0.00133333 1005.44
0.00166667 1016.6
0.002 1039.73
0.00233333 1078.08
0.00266667 1130.82
0.003 1192.99
0.00333333 1257.5
0.00366667 1317.74
0.004 1369.29
0.00433333 1410.3
0.00466667 1440.96
0.005 1462.68
0.00533333 1477.33
0.00566667 1486.78
0.006 1492.61
0.00633333 1496.06
0.00666667 1498
0.007 1499.03
0.00733333 1499.56
0.00766667 1499.81
0.008 1499.93
0.00833333 1499.97
0.00866667 1499.99
0.009 1500
0.00933333 1500
0.00966667 1500
0.01 1500
