0 1432.77
0.000333333 1446.99
0.000666667 1458.7
0.001 1468.21
0.00133333 1475.83
0.00166667 1481.85
0.002 1486.54
0.00233333 1490.15
0.00266667 1492.89
0.003 1494.94
0.00333333 1496.45
0.00366667 1497.55
0.004 1498.33
0.00433333 1498.89
0.00466667 1499.27
0.005 1499.53
0.00533333 1499.7
0.00566667 1499.82
0.006 1499.89
0.00633333 1499.94
0.00666667 1499.96
0.007 1499.98
0.00733333 1499.99
0.00766667 1499.99
0.008 1500
0.00833333 1500
0.00866667 1500
0.009 1500
0.00933333 1500
0.00966667 1500
0.01 1500
