0 -8.79237e+44
0.000333333 4.27176e+27
0.000666667 -2.3014e+13
0.001 998.651
0.00133333 1000
0.00166667 1000
0.002 1000
0.00233333 1000
0.00266667 1000
0.003 1000
0.00333333 1000
0.00366667 1000
0.004 1000
0.00433333 1000
0.00466667 1000
0.005 1000.02
0.00533333 1000.91
0.00566667 1012.55
0.006 1064.4
0.00633333 1170.26
0.00666667 1294.33
0.007 1392.88
0.00733333 1452.39
0.00766667 1481.73
0.008 1493.96
0.00833333 1498.31
0.00866667 1499.61
0.009 1499.93
0.00933333 1499.99
0.00966667 1500
0.01 1500
