0 1001.96
0.000333333 1006.5
0.000666667 1017.17
0.001 1037.49
0.00133333 1069.83
0.00166667 1114.03
0.002 1167.19
0.00233333 1224.55
0.00266667 1281.05
0.003 1332.57
0.00333333 1376.58
0.00366667 1412.13
0.004 1439.49
0.00433333 1459.65
0.00466667 1473.94
0.005 1483.71
0.00533333 1490.15
0.00566667 1494.25
0.006 1496.77
0.00633333 1498.26
0.00666667 1499.1
0.007 1499.56
0.00733333 1499.79
0.00766667 1499.91
0.008 1499.96
0.00833333 1499.99
0.00866667 1499.99
0.009 1500
0.00933333 1500
0.00966667 1500
0.01 1500
