0 1000.12
0.000333333 1000.74
0.000666667 1003.15
0.001 1010.12
0.00133333 1025.7
0.00166667 1053.65
0.002 1095.35
0.00233333 1148.67
0.00266667 1208.6
0.003 1269.08
0.00333333 1324.85
0.00366667 1372.54
0.004 1410.8
0.00433333 1439.86
0.00466667 1460.88
0.005 1475.45
0.00533333 1485.14
0.00566667 1491.34
0.006 1495.15
0.00633333 1497.4
0.00666667 1498.67
0.007 1499.35
0.00733333 1499.7
0.00766667 1499.87
0.008 1499.95
0.00833333 1499.98
0.00866667 1499.99
0.009 1500
0.00933333 1500
0.00966667 1500
0.01 1500
