0 1338.53
0.000333333 1369.24
0.000666667 1395.9
0.001 1418.49
0.00133333 1437.19
0.00166667 1452.37
0.002 1464.44
0.00233333 1473.87
0.00266667 1481.1
0.003 1486.55
0.00333333 1490.59
0.00366667 1493.54
0.004 1495.64
0.00433333 1497.11
0.00466667 1498.13
0.005 1498.81
0.00533333 1499.27
0.00566667 1499.56
0.006 1499.74
0.00633333 1499.85
0.00666667 1499.92
0.007 1499.96
0.00733333 1499.98
0.00766667 1499.99
0.008 1499.99
0.00833333 1500
0.00866667 1500
0.009 1500
0.00933333 1500
0.00966667 1500
0.01 1500
