0 1202.89
0.000333333 1247.64
0.000666667 1290.75
0.001 1330.49
0.00133333 1365.72
0.00166667 1395.89
0.002 1420.93
0.00233333 1441.15
0.00266667 1457.05
0.003 1469.27
0.00333333 1478.44
0.00366667 1485.18
0.004 1490.02
0.00433333 1493.42
0.00466667 1495.77
0.005 1497.34
0.00533333 1498.37
0.00566667 1499.03
0.006 1499.44
0.00633333 1499.69
0.00666667 1499.83
0.007 1499.91
0.00733333 1499.96
0.00766667 1499.98
0.008 1499.99
0.00833333 1500
0.00866667 1500
0.009 1500
0.00933333 1500
0.00966667 1500
0.01 1500
