0 1000
0.000333333 1000
0.000666667 1000
0.001 1000
0.00133333 1000
0.00166667 1000
0.002 1000.04
0.00233333 1000.46
0.00266667 1003.12
0.003 1013.3
0.00333333 1039.29
0.00366667 1087.04
0.004 1154.46
0.00433333 1231.57
0.00466667 1306.13
0.005 1369.24
0.00533333 1417.21
0.00566667 1450.6
0.006 1472.17
0.00633333 1485.2
0.00666667 1492.58
0.007 1496.52
0.00733333 1498.48
0.00766667 1499.38
0.008 1499.77
0.00833333 1499.92
0.00866667 1499.98
0.009 1499.99
0.00933333 1500
0.00966667 1500
0.01 1500
