0 1426.84
6.23053e-05 1429.86
0.000404984 1444.83
0.000747664 1457.19
0.00109034 1467.24
0.00143302 1475.29
0.0017757 1481.63
0.00211838 1486.55
0.00246106 1490.31
0.00280374 1493.14
0.00314642 1495.22
0.0034891 1496.74
0.00383178 1497.82
0.00417445 1498.57
0.00451713 1499.09
0.00485981 1499.43
0.00520249 1499.66
0.00554517 1499.8
0.00588785 1499.88
0.00623053 1499.94
0.00657321 1499.97
0.00691589 1499.98
0.00725857 1499.99
0.00760125 1500
0.00794393 1500
0.0082866 1500
0.00862928 1500
0.00897196 1500
0.00931464 1500
0.00965732 1500
0.01 1500
