0 1000
0.000333333 1000.01
0.000666667 1000.12
0.001 1000.82
0.00133333 1003.76
0.00166667 1012.56
0.002 1032.27
0.00233333 1066.99
0.00266667 1117.07
0.003 1178.29
0.00333333 1243.61
0.00366667 1305.89
0.004 1360
0.00433333 1403.53
0.00466667 1436.32
0.005 1459.67
0.00533333 1475.48
0.00566667 1485.7
0.006 1492.01
0.00633333 1495.74
0.00666667 1497.84
0.007 1498.96
0.00733333 1499.53
0.00766667 1499.8
0.008 1499.92
0.00833333 1499.97
0.00866667 1499.99
0.009 1500
0.00933333 1500
0.00966667 1500
0.01 1500
