0 3.74536e+79
0.000333333 -7.79781e+57
0.000666667 6.4759e+38
0.001 1.56683e+20
0.00133333 240164
0.00166667 1000
0.002 1000
0.00233333 1000
0.00266667 1000
0.003 1000
0.00333333 1000
0.00366667 1000
0.004 1000
0.00433333 1000
0.00466667 1000
0.005 1000
0.00533333 1000.03
0.00566667 1001.81
0.006 1021.69
0.00633333 1095.59
0.00666667 1221.12
0.007 1344.79
0.00733333 1428.59
0.00766667 1472.26
0.008 1490.85
0.00833333 1497.47
0.00866667 1499.43
0.009 1499.9
0.00933333 1499.99
0.00966667 1500
0.01 1500
