0 1006.09
0.000333333 1015.85
0.000666667 1034.37
0.001 1064
0.00133333 1104.98
0.00166667 1155.04
0.002 1210.1
0.00233333 1265.49
0.00266667 1317.16
0.003 1362.36
0.00333333 1399.77
0.00366667 1429.29
0.004 1451.62
0.00433333 1467.88
0.00466667 1479.31
0.005 1487.08
0.00533333 1492.18
0.00566667 1495.43
0.006 1497.42
0.00633333 1498.6
0.00666667 1499.28
0.007 1499.64
0.00733333 1499.83
0.00766667 1499.92
0.008 1499.97
0.00833333 1499.99
0.00866667 1500
0.009 1500
0.00933333 1500
0.00966667 1500
0.01 1500
