0 -3.49296e+55
0.000333333 5.77665e+36
0.000666667 -7.37896e+20
0.001 -637316
0.00133333 1000
0.00166667 1000
0.002 1000
0.00233333 1000
0.00266667 1000
0.003 1000
0.00333333 1000
0.00366667 1000
0.004 1000
0.00433333 1000
0.00466667 1000
0.005 1000
0.00533333 1000.35
0.00566667 1007.2
0.006 1047.14
0.00633333 1144.33
0.00666667 1271.23
0.007 1378.5
0.00733333 1445.47
0.00766667 1479.01
0.008 1493.07
0.00833333 1498.07
0.00866667 1499.56
0.009 1499.92
0.00933333 1499.99
0.00966667 1500
0.01 1500
