0 1442.58
0.000333333 1454.83
0.000666667 1464.88
0.001 1473.01
0.00133333 1479.5
0.00166667 1484.62
0.002 1488.6
0.00233333 1491.66
0.00266667 1493.97
0.003 1495.71
0.00333333 1496.99
0.00366667 1497.92
0.004 1498.58
0.00433333 1499.05
0.00466667 1499.38
0.005 1499.6
0.00533333 1499.75
0.00566667 1499.84
0.006 1499.91
0.00633333 1499.94
0.00666667 1499.97
0.007 1499.98
0.00733333 1499.99
0.00766667 1499.99
0.008 1500
0.00833333 1500
0.00866667 1500
0.009 1500
0.00933333 1500
0.00966667 1500
0.01 1500
