0 1304.22
0.000333333 1339.74
0.000666667 1371.26
0.001 1398.45
0.00133333 1421.28
0.00166667 1440.02
0.002 1455.07
0.00233333 1466.9
0.00266667 1476.02
0.003 1482.92
0.00333333 1488.05
0.00366667 1491.79
0.004 1494.47
0.00433333 1496.34
0.00466667 1497.64
0.005 1498.51
0.00533333 1499.08
0.00566667 1499.45
0.006 1499.68
0.00633333 1499.82
0.00666667 1499.9
0.007 1499.95
0.00733333 1499.97
0.00766667 1499.99
0.008 1499.99
0.00833333 1500
0.00866667 1500
0.009 1500
0.00933333 1500
0.00966667 1500
0.01 1500
