0 -1.87481e+77
0.000333333 7.05813e+55
0.000666667 -1.12109e+37
0.001 -5.56722e+18
0.00133333 -18138.3
0.00166667 1000
0.002 1000
0.00233333 1000
0.00266667 1000
0.003 1000
0.00333333 1000
0.00366667 1000
0.004 1000
0.00433333 1000
0.00466667 1000
0.005 1000
0.00533333 1000.04
0.00566667 1002.08
0.006 1023.47
0.00633333 1099.68
0.00666667 1225.76
0.007 1348.08
0.00733333 1430.28
0.00766667 1472.94
0.008 1491.08
0.00833333 1497.53
0.00866667 1499.44
0.009 1499.9
0.00933333 1499.99
0.00966667 1500
0.01 1500
