0 1006.59
0.000333333 1016.85
0.000666667 1036.05
0.001 1066.4
0.00133333 1107.97
0.00166667 1158.35
0.002 1213.43
0.00233333 1268.57
0.00266667 1319.81
0.003 1364.5
0.00333333 1401.41
0.00366667 1430.49
0.004 1452.46
0.00433333 1468.45
0.00466667 1479.68
0.005 1487.31
0.00533333 1492.32
0.00566667 1495.51
0.006 1497.47
0.00633333 1498.63
0.00666667 1499.29
0.007 1499.65
0.00733333 1499.83
0.00766667 1499.93
0.008 1499.97
0.00833333 1499.99
0.00866667 1500
0.009 1500
0.00933333 1500
0.00966667 1500
0.01 1500
