0 1395.39
0.000333333 1416.67
0.000666667 1434.56
0.001 1449.31
0.00133333 1461.28
0.00166667 1470.83
0.002 1478.32
0.00233333 1484.12
0.00266667 1488.53
0.003 1491.85
0.00333333 1494.29
0.00366667 1496.07
0.004 1497.34
0.00433333 1498.23
0.00466667 1498.85
0.005 1499.26
0.00533333 1499.54
0.00566667 1499.72
0.006 1499.83
0.00633333 1499.9
0.00666667 1499.95
0.007 1499.97
0.00733333 1499.98
0.00766667 1499.99
0.008 1500
0.00833333 1500
0.00866667 1500
0.009 1500
0.00933333 1500
0.00966667 1500
0.01 1500
