0 4.74072e+82
0.000333333 -4.49934e+60
0.000666667 1.58226e+41
0.001 1.47786e+22
0.00133333 7.71593e+06
0.00166667 1000
0.002 1000
0.00233333 1000
0.00266667 1000
0.003 1000
0.00333333 1000
0.00366667 1000
0.004 1000
0.00433333 1000
0.00466667 1000
0.005 1000
0.00533333 1000.02
0.00566667 1001.49
0.006 1019.48
0.00633333 1090.28
0.00666667 1214.93
0.007 1340.34
0.00733333 1426.29
0.00766667 1471.32
0.008 1490.54
0.00833333 1497.39
0.00866667 1499.41
0.009 1499.9
0.00933333 1499.99
0.00966667 1500
0.01 1500
