0 1079.05
0.000333333 1118.42
0.000666667 1164.13
0.001 1213.16
0.00133333 1262.26
0.00166667 1308.59
0.002 1350.12
0.00233333 1385.72
0.00266667 1415.05
0.003 1438.38
0.00333333 1456.36
0.00366667 1469.83
0.004 1479.63
0.00433333 1486.58
0.00466667 1491.38
0.005 1494.61
0.00533333 1496.72
0.00566667 1498.07
0.006 1498.9
0.00633333 1499.39
0.00666667 1499.68
0.007 1499.84
0.00733333 1499.92
0.00766667 1499.96
0.008 1499.98
0.00833333 1499.99
0.00866667 1500
0.009 1500
0.00933333 1500
0.00966667 1500
0.01 1500
