0 1371.83
0.000333333 1397.23
0.000666667 1418.85
0.001 1436.87
0.00133333 1451.61
0.00166667 1463.45
0.002 1472.79
0.00233333 1480.05
0.00266667 1485.59
0.003 1489.75
0.00333333 1492.83
0.00366667 1495.07
0.004 1496.67
0.00433333 1497.79
0.00466667 1498.56
0.005 1499.09
0.00533333 1499.43
0.00566667 1499.65
0.006 1499.8
0.00633333 1499.88
0.00666667 1499.93
0.007 1499.96
0.00733333 1499.98
0.00766667 1499.99
0.008 1500
0.00833333 1500
0.00866667 1500
0.009 1500
0.00933333 1500
0.00966667 1500
0.01 1500
