0 1382.71
0.000333333 1406.25
0.000666667 1426.16
0.001 1442.67
0.00133333 1456.13
0.00166667 1466.9
0.002 1475.38
0.00233333 1481.96
0.00266667 1486.97
0.003 1490.73
0.00333333 1493.52
0.00366667 1495.54
0.004 1496.98
0.00433333 1498
0.00466667 1498.7
0.005 1499.17
0.00533333 1499.48
0.00566667 1499.69
0.006 1499.81
0.00633333 1499.89
0.00666667 1499.94
0.007 1499.97
0.00733333 1499.98
0.00766667 1499.99
0.008 1500
0.00833333 1500
0.00866667 1500
0.009 1500
0.00933333 1500
0.00966667 1500
0.01 1500
