0 1000
0.000333333 1000
0.000666667 1000
0.001 1000
0.00133333 1000
0.00166667 1000.02
0.002 1000.29
0.00233333 1002.09
0.00266667 1009.41
0.003 1029.37
0.00333333 1068.64
0.00366667 1127.95
0.004 1200.32
0.00433333 1274.75
0.00466667 1341.5
0.005 1395.1
0.00533333 1434.43
0.00566667 1461.19
0.006 1478.22
0.00633333 1488.43
0.00666667 1494.19
0.007 1497.26
0.00733333 1498.79
0.00766667 1499.51
0.008 1499.82
0.00833333 1499.94
0.00866667 1499.98
0.009 1499.99
0.00933333 1500
0.00966667 1500
0.01 1500
