0 1000
0.000333333 1000
0.000666667 1000
0.001 1000.01
0.00133333 1000.08
0.00166667 1000.67
0.002 1003.59
0.00233333 1013.26
0.00266667 1036.09
0.003 1076.91
0.00333333 1135.07
0.00366667 1203.98
0.004 1274.24
0.00433333 1337.67
0.00466667 1389.53
0.005 1428.59
0.00533333 1456.05
0.00566667 1474.21
0.006 1485.58
0.00633333 1492.34
0.00666667 1496.14
0.007 1498.17
0.00733333 1499.18
0.00766667 1499.66
0.008 1499.87
0.00833333 1499.95
0.00866667 1499.99
0.009 1500
0.00933333 1500
0.00966667 1500
0.01 1500
