0 1000.14
0.000333333 1000.82
0.000666667 1003.42
0.001 1010.8
0.00133333 1027
0.00166667 1055.68
0.002 1098.02
0.00233333 1151.72
0.00266667 1211.69
0.003 1271.9
0.00333333 1327.23
0.00366667 1374.4
0.004 1412.17
0.00433333 1440.82
0.00466667 1461.52
0.005 1475.86
0.00533333 1485.39
0.00566667 1491.48
0.006 1495.23
0.00633333 1497.44
0.00666667 1498.69
0.007 1499.36
0.00733333 1499.71
0.00766667 1499.87
0.008 1499.95
0.00833333 1499.98
0.00866667 1499.99
0.009 1500
0.00933333 1500
0.00966667 1500
0.01 1500
