0 1000.05
0.000333333 1000.37
0.000666667 1001.86
0.001 1006.75
0.00133333 1018.86
0.00166667 1042.47
0.002 1080.1
0.00233333 1130.79
0.00266667 1190.12
0.003 1251.89
0.00333333 1310.21
0.00366667 1360.97
0.004 1402.23
0.00433333 1433.84
0.00466667 1456.87
0.005 1472.9
0.00533333 1483.59
0.00566667 1490.43
0.006 1494.65
0.00633333 1497.13
0.00666667 1498.53
0.007 1499.29
0.00733333 1499.67
0.00766667 1499.86
0.008 1499.94
0.00833333 1499.98
0.00866667 1499.99
0.009 1500
0.00933333 1500
0.00966667 1500
0.01 1500
