0 1007.67
0.000333333 1019
0.000666667 1039.58
0.001 1071.36
0.00133333 1114.05
0.00166667 1165.03
0.002 1220.08
0.00233333 1274.67
0.00266667 1325.03
0.003 1368.71
0.00333333 1404.63
0.00366667 1432.84
0.004 1454.11
0.00433333 1469.56
0.00466667 1480.4
0.005 1487.76
0.00533333 1492.6
0.00566667 1495.67
0.006 1497.56
0.00633333 1498.68
0.00666667 1499.31
0.007 1499.66
0.00733333 1499.84
0.00766667 1499.93
0.008 1499.97
0.00833333 1499.99
0.00866667 1500
0.009 1500
0.00933333 1500
0.00966667 1500
0.01 1500
