0 1000
0.000333333 1000.04
0.000666667 1000.32
0.001 1001.74
0.00133333 1006.71
0.00166667 1019.44
0.002 1044.71
0.00233333 1085.17
0.00266667 1139.33
0.003 1201.86
0.00333333 1265.72
0.00366667 1324.66
0.004 1374.67
0.00433333 1414.19
0.00466667 1443.61
0.005 1464.39
0.00533333 1478.39
0.00566667 1487.4
0.006 1492.96
0.00633333 1496.24
0.00666667 1498.09
0.007 1499.08
0.00733333 1499.58
0.00766667 1499.82
0.008 1499.93
0.00833333 1499.97
0.00866667 1499.99
0.009 1500
0.00933333 1500
0.00966667 1500
0.01 1500
