0 -8.24112e+39
0.000333333 2.25913e+23
0.000666667 -8.33277e+09
0.001 999.996
0.00133333 1000
0.00166667 1000
0.002 1000
0.00233333 1000
0.00266667 1000
0.003 1000
0.00333333 1000
0.00366667 1000
0.004 1000
0.00433333 1000
0.00466667 1000
0.005 1000.03
0.00533333 1001.39
0.00566667 1016.17
0.006 1074.23
0.00633333 1183.56
0.00666667 1305.48
0.007 1399.59
0.00733333 1455.57
0.00766667 1482.97
0.008 1494.37
0.00833333 1498.42
0.00866667 1499.63
0.009 1499.93
0.00933333 1499.99
0.00966667 1500
0.01 1500
