0 1085.01
0.000333333 1125.37
0.000666667 1171.56
0.001 1220.53
0.00133333 1269.11
0.00166667 1314.62
0.002 1355.17
0.00233333 1389.77
0.00266667 1418.18
0.003 1440.71
0.00333333 1458.05
0.00366667 1471.01
0.004 1480.43
0.00433333 1487.11
0.00466667 1491.72
0.005 1494.82
0.00533333 1496.85
0.00566667 1498.14
0.006 1498.94
0.00633333 1499.42
0.00666667 1499.69
0.007 1499.84
0.00733333 1499.92
0.00766667 1499.96
0.008 1499.98
0.00833333 1499.99
0.00866667 1500
0.009 1500
0.00933333 1500
0.00966667 1500
0.01 1500
