0 1174.8
0.000333333 1220.4
0.000666667 1265.68
0.001 1308.44
0.00133333 1347.09
0.00166667 1380.7
0.002 1408.94
0.00233333 1431.96
0.00266667 1450.2
0.003 1464.29
0.00333333 1474.92
0.00366667 1482.74
0.004 1488.38
0.00433333 1492.35
0.00466667 1495.08
0.005 1496.91
0.00533333 1498.11
0.00566667 1498.88
0.006 1499.35
0.00633333 1499.64
0.00666667 1499.81
0.007 1499.9
0.00733333 1499.95
0.00766667 1499.98
0.008 1499.99
0.00833333 1500
0.00866667 1500
0.009 1500
0.00933333 1500
0.00966667 1500
0.01 1500
