0 1000
0.000333333 1000
0.000666667 1000.01
0.001 1000.07
0.00133333 1000.59
0.00166667 1003.11
0.002 1011.37
0.00233333 1031.05
0.00266667 1066.98
0.003 1119.67
0.00333333 1184.23
0.00366667 1252.51
0.004 1316.53
0.00433333 1370.94
0.00466667 1413.56
0.005 1444.73
0.00533333 1466.21
0.00566667 1480.24
0.006 1488.96
0.00633333 1494.13
0.00666667 1497.03
0.007 1498.58
0.00733333 1499.36
0.00766667 1499.73
0.008 1499.9
0.00833333 1499.96
0.00866667 1499.99
0.009 1500
0.00933333 1500
0.00966667 1500
0.01 1500
