0 1348.09
0.000333333 1377.34
0.000666667 1402.59
0.001 1423.87
0.00133333 1441.43
0.00166667 1455.63
0.002 1466.91
0.00233333 1475.7
0.00266667 1482.43
0.003 1487.5
0.00333333 1491.26
0.00366667 1493.99
0.004 1495.94
0.00433333 1497.31
0.00466667 1498.26
0.005 1498.89
0.00533333 1499.31
0.00566667 1499.59
0.006 1499.76
0.00633333 1499.86
0.00666667 1499.92
0.007 1499.96
0.00733333 1499.98
0.00766667 1499.99
0.008 1499.99
0.00833333 1500
0.00866667 1500
0.009 1500
0.00933333 1500
0.00966667 1500
0.01 1500
