0 1117.99
0.000333333 1162.06
0.000666667 1209.36
0.001 1256.95
0.00133333 1302.21
0.00166667 1343.2
0.002 1378.77
0.00233333 1408.5
0.00266667 1432.51
0.003 1451.34
0.00333333 1465.68
0.00366667 1476.33
0.004 1484.05
0.00433333 1489.5
0.00466667 1493.25
0.005 1495.77
0.00533333 1497.43
0.00566667 1498.48
0.006 1499.13
0.00633333 1499.52
0.00666667 1499.74
0.007 1499.87
0.00733333 1499.93
0.00766667 1499.97
0.008 1499.99
0.00833333 1499.99
0.00866667 1500
0.009 1500
0.00933333 1500
0.00966667 1500
0.01 1500
