0 3.22121e+70
0.000333333 -7.29147e+49
0.000666667 8.27641e+31
0.001 3.65418e+14
0.00133333 1014.92
0.00166667 1000
0.002 1000
0.00233333 1000
0.00266667 1000
0.003 1000
0.00333333 1000
0.00366667 1000
0.004 1000
0.00433333 1000
0.00466667 1000
0.005 1000
0.00533333 1000.08
0.00566667 1003.11
0.006 1029.42
0.00633333 1112.38
0.00666667 1239.61
0.007 1357.67
0.00733333 1435.16
0.00766667 1474.9
0.008 1491.72
0.00833333 1497.71
0.00866667 1499.48
0.009 1499.91
0.00933333 1499.99
0.00966667 1500
0.01 1500
