0 1125.14
0.000333333 1169.7
0.000666667 1216.97
0.001 1264.08
0.00133333 1308.55
0.00166667 1348.58
0.002 1383.16
0.00233333 1411.94
0.00266667 1435.13
0.003 1453.26
0.00333333 1467.06
0.00366667 1477.29
0.004 1484.7
0.00433333 1489.92
0.00466667 1493.52
0.005 1495.94
0.00533333 1497.53
0.00566667 1498.54
0.006 1499.16
0.00633333 1499.53
0.00666667 1499.75
0.007 1499.87
0.00733333 1499.94
0.00766667 1499.97
0.008 1499.99
0.00833333 1499.99
0.00866667 1500
0.009 1500
0.00933333 1500
0.00966667 1500
0.01 1500
