0 999.999925623224
0.0008429994266530663 999.9999999999814
0.001685998853306132 999.9999999999864
0.002528998279959198 1000.000000907449
0.003371997706612264 1000.602712707163
0.003712275401673997 1005.431147925329
0.003872193674193494 1011.834671534151
0.003986653446349399 1019.122804928631
0.00408415690389982 1027.526716688888
0.004173335239730951 1037.194167907345
0.004258675511625118 1048.328043865096
0.004343472421835717 1061.252246123408
0.004431030522443064 1076.512933244359
0.004526059431587309 1095.155612265849
0.004640364707197923 1120.130529431264
0.004835614880370398 1167.686675775406
0.005209019768605806 1264.682414436998
0.005431320114843012 1318.590903515824
0.005574923783172153 1349.830966527337
0.005702620344769913 1374.753075255496
0.005826731113140734 1396.24376949297
0.005953023786914068 1415.337889084671
0.006086450192470402 1432.577185295712
0.006232981612124896 1448.280901853418
0.00640194971095065 1462.648947101296
0.00661242134292544 1475.834722818036
0.006918650005973449 1487.947795330179
0.007471001720040802 1497.208402754801
0.008314001146693869 1499.845926078294
0.009157000573346934 1499.997414335641
0.01 1499.999987086479
