0 1000
0.000333333 1000
0.000666667 1000
0.001 1000
0.00133333 1000
0.00166667 1000
0.002 1000.01
0.00233333 1000.11
0.00266667 1001.11
0.003 1006.33
0.00333333 1023.28
0.00366667 1060.62
0.004 1120.96
0.00433333 1197.12
0.00466667 1276.14
0.005 1346.38
0.00533333 1401.57
0.00566667 1440.82
0.006 1466.52
0.00633333 1482.16
0.00666667 1491.07
0.007 1495.81
0.00733333 1498.18
0.00766667 1499.27
0.008 1499.73
0.00833333 1499.91
0.00866667 1499.97
0.009 1499.99
0.00933333 1500
0.00966667 1500
0.01 1500
