0 1351.2
0.000333333 1379.96
0.000666667 1404.74
0.001 1425.6
0.00133333 1442.79
0.00166667 1456.68
0.002 1467.7
0.00233333 1476.28
0.00266667 1482.85
0.003 1487.8
0.00333333 1491.47
0.00366667 1494.13
0.004 1496.04
0.00433333 1497.38
0.00466667 1498.3
0.005 1498.92
0.00533333 1499.33
0.00566667 1499.59
0.006 1499.76
0.00633333 1499.86
0.00666667 1499.92
0.007 1499.96
0.00733333 1499.98
0.00766667 1499.99
0.008 1499.99
0.00833333 1500
0.00866667 1500
0.009 1500
0.00933333 1500
0.00966667 1500
0.01 1500
