0 -1.27677e+61
0.000333333 4.04257e+41
0.000666667 -8.34299e+24
0.001 -9.36403e+08
0.00133333 999.998
0.00166667 1000
0.002 1000
0.00233333 1000
0.00266667 1000
0.003 1000
0.00333333 1000
0.00366667 1000
0.004 1000
0.00433333 1000
0.00466667 1000
0.005 1000
0.00533333 1000.21
0.00566667 1005.31
0.006 1039.73
0.00633333 1131.82
0.00666667 1259.33
0.007 1370.83
0.00733333 1441.71
0.00766667 1477.52
0.008 1492.58
0.00833333 1497.94
0.00866667 1499.53
0.009 1499.92
0.00933333 1499.99
0.00966667 1500
0.01 1500
