0 1000
0.000333333 1000
0.000666667 1000
0.001 1000.04
0.00133333 1000.35
0.00166667 1002.1
0.002 1008.47
0.00233333 1025
0.00266667 1057.21
0.003 1106.92
0.00333333 1170.24
0.00366667 1239.16
0.004 1305.2
0.00433333 1362.19
0.00466667 1407.32
0.005 1440.58
0.00533333 1463.61
0.00566667 1478.7
0.006 1488.1
0.00633333 1493.67
0.00666667 1496.81
0.007 1498.48
0.00733333 1499.32
0.00766667 1499.72
0.008 1499.89
0.00833333 1499.96
0.00866667 1499.99
0.009 1500
0.00933333 1500
0.00966667 1500
0.01 1500
