0 1097.61
0.000333333 1139.69
0.000666667 1186.58
0.001 1235.21
0.00133333 1282.61
0.00166667 1326.38
0.002 1364.95
0.00233333 1397.57
0.00266667 1424.17
0.003 1445.17
0.00333333 1461.26
0.00366667 1473.25
0.004 1481.96
0.00433333 1488.12
0.00466667 1492.37
0.005 1495.22
0.00533333 1497.09
0.00566667 1498.28
0.006 1499.02
0.00633333 1499.46
0.00666667 1499.71
0.007 1499.85
0.00733333 1499.93
0.00766667 1499.97
0.008 1499.99
0.00833333 1499.99
0.00866667 1500
0.009 1500
0.00933333 1500
0.00966667 1500
0.01 1500
