0 1468.19
0.000333333 1475.13
0.000666667 1480.75
0.001 1485.26
0.00133333 1488.82
0.00166667 1491.62
0.002 1493.79
0.00233333 1495.45
0.00266667 1496.71
0.003 1497.65
0.00333333 1498.34
0.00366667 1498.85
0.004 1499.21
0.00433333 1499.47
0.00466667 1499.65
0.005 1499.77
0.00533333 1499.85
0.00566667 1499.91
0.006 1499.94
0.00633333 1499.97
0.00666667 1499.98
0.007 1499.99
0.00733333 1499.99
0.00766667 1500
0.008 1500
0.00833333 1500
0.00866667 1500
0.009 1500
0.00933333 1500
0.00966667 1500
0.01 1500
