0 1000
0.000333333 1000
0.000666667 1000.01
0.001 1000.16
0.00133333 1001.06
0.00166667 1004.82
0.002 1015.79
0.00233333 1039.55
0.00266667 1079.86
0.003 1135.69
0.00333333 1201.2
0.00366667 1268.26
0.004 1329.66
0.00433333 1380.94
0.00466667 1420.62
0.005 1449.4
0.00533333 1469.12
0.00566667 1481.96
0.006 1489.92
0.00633333 1494.63
0.00666667 1497.29
0.007 1498.7
0.00733333 1499.42
0.00766667 1499.75
0.008 1499.9
0.00833333 1499.97
0.00866667 1499.99
0.009 1500
0.00933333 1500
0.00966667 1500
0.01 1500
