0 1048.25
0.000333333 1080.42
0.000666667 1121.54
0.001 1169.22
0.00133333 1220.07
0.00166667 1270.53
0.002 1317.6
0.00233333 1359.22
0.00266667 1394.34
0.003 1422.8
0.00333333 1445.04
0.00366667 1461.86
0.004 1474.19
0.00433333 1482.98
0.00466667 1489.07
0.005 1493.17
0.00533333 1495.86
0.00566667 1497.56
0.006 1498.62
0.00633333 1499.24
0.00666667 1499.6
0.007 1499.8
0.00733333 1499.9
0.00766667 1499.96
0.008 1499.98
0.00833333 1499.99
0.00866667 1500
0.009 1500
0.00933333 1500
0.00966667 1500
0.01 1500
