0 1043.438452083074
6.230529595015642e-05 1048.446157941138
0.0004049844236760167 1081.897148609291
0.000747663551401877 1124.279721727802
0.001090342679127737 1172.938689446251
0.001433021806853598 1224.373770861556
0.001775700934579458 1275.062405067676
0.002118380062305318 1322.098140832305
0.002461059190031178 1363.521114660854
0.002803738317757038 1398.359682906294
0.003146417445482898 1426.477805148271
0.003489096573208757 1448.334832188198
0.003831775700934616 1464.739737861524
0.004174454828660475 1476.646739772762
0.004517133956386334 1485.009412994655
0.004859813084112193 1490.691291485615
0.00520249221183805 1494.421817845565
0.005545171339563907 1496.784210486227
0.005887850467289764 1498.223195132039
0.00623052959501562 1499.063310755727
0.006573208722741476 1499.531346907738
0.006915887850467331 1499.778833518074
0.007258566978193185 1499.902255280005
0.00760124610591904 1499.95987311677
0.007943925233644893 1499.984835897996
0.008286604361370745 1499.994774688564
0.008629283489096598 1499.998372187644
0.008971962616822449 1499.999543228618
0.0093146417445483 1499.99988312333
0.009657320872274151 1499.999971129252
0.01 1499.999991999231
