0 1003.261797481507
8.029740833552428e-05 1004.429763688216
0.0003508505106316021 1010.886204375023
0.0005610224259480301 1019.45674480788
0.0007386926150628471 1029.753486624594
0.0009027615424998149 1042.049748303903
0.001063815162183471 1056.847643153963
0.001231187647988335 1075.065437174958
0.001419408243598871 1098.779381999563
0.001670016509545606 1134.828136821783
0.002047728075871857 1195.413840743903
0.002507963160947429 1271.087821689367
0.002863168210898829 1324.864135560889
0.003129151936483632 1360.379384900031
0.003371214607456088 1388.531793281434
0.003613053679087624 1412.551385068547
0.00386959820047603 1433.682358321061
0.004158578365859255 1452.56796025814
0.004509651857481907 1469.490107290275
0.004937414064168716 1483.08771563323
0.005397649149244289 1491.631649038944
0.005857884234319863 1496.17353654914
0.006318119319395437 1498.400496217194
0.006778354404471009 1499.39737477472
0.007238589489546581 1499.799015222588
0.007698824574622153 1499.941972069722
0.008159059659697723 1499.985879058022
0.008619294744773293 1499.99718681664
0.009079529829848863 1499.999550533667
0.009539764914924431 1499.999940205307
0.01 1499.999991297409
