0 1000.62
0.000333333 1002.63
0.000666667 1008.5
0.001 1021.79
0.00133333 1046.15
0.00166667 1083.44
0.002 1132.5
0.00233333 1189.32
0.00266667 1248.45
0.003 1304.69
0.00333333 1354.28
0.00366667 1395.3
0.004 1427.42
0.00433333 1451.38
0.00466667 1468.51
0.005 1480.29
0.00533333 1488.08
0.00566667 1493.05
0.006 1496.1
0.00633333 1497.9
0.00666667 1498.92
0.007 1499.47
0.00733333 1499.75
0.00766667 1499.89
0.008 1499.96
0.00833333 1499.98
0.00866667 1499.99
0.009 1500
0.00933333 1500
0.00966667 1500
0.01 1500
