0 999.268
0.000566193 1000
0.00113239 1000
0.00169858 1000
0.00226477 1000
0.00283097 1000
0.00339716 1000
0.00396335 1001.66
0.00452328 1030.39
0.00494103 1102.58
0.00514832 1154.72
0.00524793 1182.02
0.00531229 1200.06
0.0053726 1217.07
0.00544703 1238.03
0.00555296 1267.36
0.00572504 1312.46
0.00606518 1386.88
0.00651443 1450.27
0.00673355 1468.71
0.00685651 1476.32
0.00694828 1480.93
0.00703078 1484.41
0.00711791 1487.48
0.00722706 1490.59
0.00739679 1494.11
0.00773523 1497.89
0.00830142 1499.73
0.00886761 1499.98
0.00943381 1500
0.01 1500
