0 1206.93
0.000333333 1251.48
0.000666667 1294.24
0.001 1333.52
0.00133333 1368.26
0.00166667 1397.94
0.002 1422.54
0.00233333 1442.37
0.00266667 1457.96
0.003 1469.93
0.00333333 1478.9
0.00366667 1485.5
0.004 1490.24
0.00433333 1493.57
0.00466667 1495.86
0.005 1497.4
0.00533333 1498.4
0.00566667 1499.05
0.006 1499.45
0.00633333 1499.69
0.00666667 1499.83
0.007 1499.91
0.00733333 1499.96
0.00766667 1499.98
0.008 1499.99
0.00833333 1500
0.00866667 1500
0.009 1500
0.00933333 1500
0.00966667 1500
0.01 1500
