0 1000.01
0.000333333 1000.11
0.000666667 1000.7
0.001 1003.17
0.00133333 1010.58
0.00166667 1027.43
0.002 1057.82
0.00233333 1102.91
0.00266667 1159.81
0.003 1222.59
0.00333333 1284.52
0.00366667 1340.23
0.004 1386.6
0.00433333 1422.77
0.00466667 1449.43
0.005 1468.13
0.00533333 1480.68
0.00566667 1488.74
0.006 1493.7
0.00633333 1496.63
0.00666667 1498.28
0.007 1499.17
0.00733333 1499.62
0.00766667 1499.84
0.008 1499.94
0.00833333 1499.98
0.00866667 1499.99
0.009 1500
0.00933333 1500
0.00966667 1500
0.01 1500
