0 1434.49
0.000333333 1448.37
0.000666667 1459.79
0.001 1469.06
0.00133333 1476.48
0.00166667 1482.34
0.002 1486.91
0.00233333 1490.42
0.00266667 1493.08
0.003 1495.07
0.00333333 1496.54
0.00366667 1497.61
0.004 1498.38
0.00433333 1498.92
0.00466667 1499.29
0.005 1499.54
0.00533333 1499.71
0.00566667 1499.82
0.006 1499.89
0.00633333 1499.94
0.00666667 1499.96
0.007 1499.98
0.00733333 1499.99
0.00766667 1499.99
0.008 1500
0.00833333 1500
0.00866667 1500
0.009 1500
0.00933333 1500
0.00966667 1500
0.01 1500
