0 1000.21
0.000333333 1001.39
0.000666667 1005.69
0.001 1016.6
0.00133333 1037.87
0.00166667 1071.71
0.002 1117.56
0.00233333 1172.07
0.00266667 1230.28
0.003 1287.13
0.00333333 1338.59
0.00366667 1382.26
0.004 1417.29
0.00433333 1444.02
0.00466667 1463.49
0.005 1477.08
0.00533333 1486.18
0.00566667 1492.01
0.006 1495.59
0.00633333 1497.69
0.00666667 1498.85
0.007 1499.47
0.00733333 1499.77
0.00766667 1499.91
0.008 1499.97
0.00833333 1499.99
0.00866667 1500
0.009 1500
0.00933333 1500
0.00966667 1500
0.01 1500
