0 1000
0.000333333 1000
0.000666667 1000
0.001 1000
0.00133333 1000
0.00166667 1000.07
0.002 1000.64
0.00233333 1003.73
0.00266667 1014.32
0.003 1039.68
0.00333333 1084.83
0.00366667 1148.06
0.004 1221.03
0.00433333 1293.1
0.00466667 1355.9
0.005 1405.32
0.00533333 1441.11
0.00566667 1465.24
0.006 1480.52
0.00633333 1489.65
0.00666667 1494.8
0.007 1497.55
0.00733333 1498.92
0.00766667 1499.56
0.008 1499.83
0.00833333 1499.94
0.00866667 1499.98
0.009 1500
0.00933333 1500
0.00966667 1500
0.01 1500
