0 1003.11
0.000333333 1009.35
0.000666667 1022.8
0.001 1046.64
0.00133333 1082.48
0.00166667 1129.29
0.002 1183.56
0.00233333 1240.47
0.00266667 1295.3
0.003 1344.45
0.00333333 1385.91
0.00366667 1419.07
0.004 1444.42
0.00433333 1463
0.00466667 1476.13
0.005 1485.08
0.00533333 1490.98
0.00566667 1494.73
0.006 1497.04
0.00633333 1498.4
0.00666667 1499.17
0.007 1499.59
0.00733333 1499.81
0.00766667 1499.92
0.008 1499.96
0.00833333 1499.99
0.00866667 1500
0.009 1500
0.00933333 1500
0.00966667 1500
0.01 1500
