0 1455.09
0.000333333 1464.78
0.000666667 1472.68
0.001 1479.04
0.00133333 1484.1
0.00166667 1488.08
0.002 1491.16
0.00233333 1493.53
0.00266667 1495.32
0.003 1496.67
0.00333333 1497.66
0.00366667 1498.38
0.004 1498.89
0.00433333 1499.26
0.00466667 1499.51
0.005 1499.68
0.00533333 1499.8
0.00566667 1499.87
0.006 1499.92
0.00633333 1499.95
0.00666667 1499.97
0.007 1499.99
0.00733333 1499.99
0.00766667 1500
0.008 1500
0.00833333 1500
0.00866667 1500
0.009 1500
0.00933333 1500
0.00966667 1500
0.01 1500
