0 1380.05
0.000333333 1404.05
0.000666667 1424.38
0.001 1441.27
0.00133333 1455.03
0.00166667 1466.06
0.002 1474.76
0.00233333 1481.49
0.00266667 1486.64
0.003 1490.5
0.00333333 1493.35
0.00366667 1495.42
0.004 1496.91
0.00433333 1497.95
0.00466667 1498.66
0.005 1499.15
0.00533333 1499.47
0.00566667 1499.68
0.006 1499.81
0.00633333 1499.89
0.00666667 1499.94
0.007 1499.97
0.00733333 1499.98
0.00766667 1499.99
0.008 1500
0.00833333 1500
0.00866667 1500
0.009 1500
0.00933333 1500
0.00966667 1500
0.01 1500
