0 1000
0.000333333 1000
0.000666667 1000
0.001 1000.06
0.00133333 1000.48
0.00166667 1002.66
0.002 1010.13
0.00233333 1028.52
0.00266667 1062.96
0.003 1114.5
0.00333333 1178.61
0.00366667 1247.19
0.004 1312.04
0.00433333 1367.49
0.00466667 1411.11
0.005 1443.1
0.00533333 1465.19
0.00566667 1479.64
0.006 1488.63
0.00633333 1493.95
0.00666667 1496.94
0.007 1498.54
0.00733333 1499.35
0.00766667 1499.73
0.008 1499.89
0.00833333 1499.96
0.00866667 1499.99
0.009 1500
0.00933333 1500
0.00966667 1500
0.01 1500
