0 1000
0.000333333 1000
0.000666667 1000
0.001 1000
0.00133333 1000
0.00166667 1000
0.002 1000
0.00233333 1000.01
0.00266667 1000.22
0.003 1002.01
0.00333333 1010.37
0.00366667 1034.65
0.004 1082.85
0.00433333 1153.57
0.00466667 1235.3
0.005 1313.62
0.00533333 1378.38
0.00566667 1426.01
0.006 1457.85
0.00633333 1477.48
0.00666667 1488.72
0.007 1494.73
0.00733333 1497.71
0.00766667 1499.09
0.008 1499.67
0.00833333 1499.89
0.00866667 1499.97
0.009 1499.99
0.00933333 1500
0.00966667 1500
0.01 1500
