0 1.99759e+39
0.000333333 -6.81187e+22
0.000666667 3.2041e+09
0.001 1000
0.00133333 1000
0.00166667 1000
0.002 1000
0.00233333 1000
0.00266667 1000
0.003 1000
0.00333333 1000
0.00366667 1000
0.004 1000
0.00433333 1000
0.00466667 1000
0.005 1000.03
0.00533333 1001.47
0.00566667 1016.67
0.006 1075.51
0.00633333 1185.23
0.00666667 1306.85
0.007 1400.4
0.00733333 1455.95
0.00766667 1483.12
0.008 1494.42
0.00833333 1498.43
0.00866667 1499.64
0.009 1499.93
0.00933333 1499.99
0.00966667 1500
0.01 1500
