0 1499.999964997363
6.230529595015642e-05 1499.999965806803
0.0004049844236760167 1499.999969950001
0.000747663551401877 1499.999973612027
0.001090342679127737 1499.999976845163
0.001433021806853598 1499.99997969648
0.001775700934579458 1499.999982208298
0.002118380062305318 1499.999984418622
0.002461059190031178 1499.999986361535
0.002803738317757038 1499.99998806756
0.003146417445482898 1499.999989564003
0.003489096573208757 1499.999990875251
0.003831775700934616 1499.99999202306
0.004174454828660475 1499.999993026812
0.004517133956386334 1499.999993903746
0.004859813084112193 1499.999994669181
0.00520249221183805 1499.999995336704
0.005545171339563907 1499.999995918353
0.005887850467289764 1499.999996424776
0.00623052959501562 1499.999996865382
0.006573208722741476 1499.99999724847
0.006915887850467331 1499.99999758135
0.007258566978193185 1499.999997870453
0.00760124610591904 1499.999998121428
0.007943925233644893 1499.99999833923
0.008286604361370745 1499.999998528201
0.008629283489096598 1499.999998692137
0.008971962616822449 1499.999998834354
0.0093146417445483 1499.999998957747
0.009657320872274151 1499.999999064836
0.01 1499.999999157814
