0 1009.57
0.000333333 1022.59
0.000666667 1045.29
0.001 1079.16
0.00133333 1123.44
0.00166667 1175.15
0.002 1230.03
0.00233333 1283.71
0.00266667 1332.71
0.003 1374.87
0.00333333 1409.32
0.00366667 1436.26
0.004 1456.5
0.00433333 1471.17
0.00466667 1481.44
0.005 1488.41
0.00533333 1492.99
0.00566667 1495.9
0.006 1497.69
0.00633333 1498.74
0.00666667 1499.35
0.007 1499.68
0.00733333 1499.85
0.00766667 1499.93
0.008 1499.97
0.00833333 1499.99
0.00866667 1500
0.009 1500
0.00933333 1500
0.00966667 1500
0.01 1500
