0 1029.55
0.000333333 1055.02
0.000666667 1090.29
0.001 1133.9
0.00133333 1183.04
0.00166667 1234.2
0.002 1284.03
0.00233333 1329.83
0.00266667 1369.87
0.003 1403.34
0.00333333 1430.23
0.00366667 1451.05
0.004 1466.64
0.00433333 1477.93
0.00466667 1485.84
0.005 1491.21
0.00533333 1494.73
0.00566667 1496.96
0.006 1498.32
0.00633333 1499.11
0.00666667 1499.56
0.007 1499.79
0.00733333 1499.91
0.00766667 1499.96
0.008 1499.99
0.00833333 1499.99
0.00866667 1500
0.009 1500
0.00933333 1500
0.00966667 1500
0.01 1500
