0 1081.56540251651
6.230529595015642e-05 1088.369877041683
0.0004049844236760167 1130.154593392874
0.000747663551401877 1177.329450873048
0.001090342679127737 1226.756346906649
0.001433021806853598 1275.341850498207
0.001775700934579458 1320.53987700643
0.002118380062305318 1360.610637713228
0.002461059190031178 1394.65458413565
0.002803738317757038 1422.492882343803
0.003146417445482898 1444.474867631498
0.003489096573208757 1461.275940648389
0.003831775700934616 1473.72414704075
0.004174454828660475 1482.671321789212
0.004517133956386334 1488.909525919443
0.004859813084112193 1493.125537987305
0.00520249221183805 1495.883470795613
0.005545171339563907 1497.625980561026
0.005887850467289764 1498.68631244439
0.00623052959501562 1499.305515720925
0.006573208722741476 1499.651029507167
0.006915887850467331 1499.8343007921
0.007258566978193185 1499.926152011958
0.00760124610591904 1499.969341316367
0.007943925233644893 1499.98824118629
0.008286604361370745 1499.995868804959
0.008629283489096598 1499.998680106807
0.008971962616822449 1499.999617289972
0.0093146417445483 1499.999897881388
0.009657320872274151 1499.999973470481
0.01 1499.99999227996
