0 1000
0.000333333 1000.05
0.000666667 1000.36
0.001 1001.91
0.00133333 1007.18
0.00166667 1020.46
0.002 1046.46
0.00233333 1087.6
0.00266667 1142.21
0.003 1204.82
0.00333333 1268.45
0.00366667 1326.94
0.004 1376.42
0.00433333 1415.46
0.00466667 1444.48
0.005 1464.95
0.00533333 1478.73
0.00566667 1487.6
0.006 1493.07
0.00633333 1496.3
0.00666667 1498.12
0.007 1499.09
0.00733333 1499.59
0.00766667 1499.82
0.008 1499.93
0.00833333 1499.97
0.00866667 1499.99
0.009 1500
0.00933333 1500
0.00966667 1500
0.01 1500
