0 1001.19
0.000333333 1004.39
0.000666667 1012.65
0.001 1029.62
0.00133333 1058.34
0.00166667 1099.57
0.002 1151.14
0.00233333 1208.53
0.00266667 1266.42
0.003 1320.18
0.00333333 1366.75
0.00366667 1404.75
0.004 1434.22
0.00433333 1456.05
0.00466667 1471.58
0.005 1482.22
0.00533333 1489.25
0.00566667 1493.73
0.006 1496.48
0.00633333 1498.1
0.00666667 1499.02
0.007 1499.52
0.00733333 1499.78
0.00766667 1499.9
0.008 1499.96
0.00833333 1499.98
0.00866667 1499.99
0.009 1500
0.00933333 1500
0.00966667 1500
0.01 1500
