0 1111.01
0.000333333 1154.51
0.000666667 1201.75
0.001 1249.75
0.00133333 1295.77
0.00166667 1337.7
0.002 1374.28
0.00233333 1404.95
0.00266667 1429.82
0.003 1449.35
0.00333333 1464.26
0.00366667 1475.34
0.004 1483.37
0.00433333 1489.05
0.00466667 1492.97
0.005 1495.6
0.00533333 1497.32
0.00566667 1498.41
0.006 1499.09
0.00633333 1499.5
0.00666667 1499.73
0.007 1499.86
0.00733333 1499.93
0.00766667 1499.97
0.008 1499.99
0.00833333 1499.99
0.00866667 1500
0.009 1500
0.00933333 1500
0.00966667 1500
0.01 1500
