0 1139.9
0.000333333 1185.17
0.000666667 1232.14
0.001 1278.13
0.00133333 1320.92
0.00166667 1359
0.002 1391.59
0.00233333 1418.53
0.00266667 1440.11
0.003 1456.92
0.00333333 1469.67
0.00366667 1479.11
0.004 1485.92
0.00433333 1490.73
0.00466667 1494.04
0.005 1496.27
0.00533333 1497.72
0.00566667 1498.65
0.006 1499.22
0.00633333 1499.57
0.00666667 1499.77
0.007 1499.88
0.00733333 1499.94
0.00766667 1499.97
0.008 1499.99
0.00833333 1499.99
0.00866667 1500
0.009 1500
0.00933333 1500
0.00966667 1500
0.01 1500
