0 1439.45
0.000333333 1452.33
0.000666667 1462.91
0.001 1471.48
0.00133333 1478.34
0.00166667 1483.74
0.002 1487.95
0.00233333 1491.18
0.00266667 1493.63
0.003 1495.46
0.00333333 1496.82
0.00366667 1497.8
0.004 1498.5
0.00433333 1499
0.00466667 1499.34
0.005 1499.58
0.00533333 1499.73
0.00566667 1499.84
0.006 1499.9
0.00633333 1499.94
0.00666667 1499.97
0.007 1499.98
0.00733333 1499.99
0.00766667 1499.99
0.008 1500
0.00833333 1500
0.00866667 1500
0.009 1500
0.00933333 1500
0.00966667 1500
0.01 1500
