0 1003.4
0.000333333 1010.03
0.000666667 1024.07
0.001 1048.63
0.00133333 1085.15
0.00166667 1132.42
0.002 1186.86
0.00233333 1243.63
0.00266667 1298.1
0.003 1346.77
0.00333333 1387.71
0.00366667 1420.41
0.004 1445.36
0.00433333 1463.64
0.00466667 1476.55
0.005 1485.35
0.00533333 1491.14
0.00566667 1494.83
0.006 1497.09
0.00633333 1498.43
0.00666667 1499.18
0.007 1499.6
0.00733333 1499.81
0.00766667 1499.92
0.008 1499.97
0.00833333 1499.99
0.00866667 1500
0.009 1500
0.00933333 1500
0.00966667 1500
0.01 1500
