0 1000
0.000333333 1000
0.000666667 1000
0.001 1000
0.00133333 1000.07
0.00166667 1000.6
0.002 1003.34
0.00233333 1012.58
0.00266667 1034.72
0.003 1074.8
0.00333333 1132.47
0.00366667 1201.27
0.004 1271.78
0.00433333 1335.68
0.00466667 1388.07
0.005 1427.6
0.00533333 1455.41
0.00566667 1473.83
0.006 1485.37
0.00633333 1492.22
0.00666667 1496.08
0.007 1498.14
0.00733333 1499.17
0.00766667 1499.66
0.008 1499.87
0.00833333 1499.95
0.00866667 1499.99
0.009 1500
0.00933333 1500
0.00966667 1500
0.01 1500
