0 1004.04
0.000333333 1011.48
0.000666667 1026.75
0.001 1052.76
0.00133333 1090.61
0.00166667 1138.77
0.002 1193.48
0.00233333 1249.93
0.00266667 1303.64
0.003 1351.33
0.00333333 1391.26
0.00366667 1423.03
0.004 1447.21
0.00433333 1464.9
0.00466667 1477.37
0.005 1485.86
0.00533333 1491.45
0.00566667 1495.01
0.006 1497.19
0.00633333 1498.48
0.00666667 1499.21
0.007 1499.61
0.00733333 1499.82
0.00766667 1499.92
0.008 1499.97
0.00833333 1499.99
0.00866667 1500
0.009 1500
0.00933333 1500
0.00966667 1500
0.01 1500
