0 1002.15
0.000333333 1007.01
0.000666667 1018.21
0.001 1039.22
0.00133333 1072.27
0.00166667 1117.02
0.002 1170.44
0.00233333 1227.74
0.00266667 1283.93
0.003 1334.99
0.00333333 1378.49
0.00366667 1413.56
0.004 1440.5
0.00433333 1460.34
0.00466667 1474.39
0.005 1483.99
0.00533333 1490.32
0.00566667 1494.35
0.006 1496.82
0.00633333 1498.28
0.00666667 1499.11
0.007 1499.56
0.00733333 1499.8
0.00766667 1499.91
0.008 1499.96
0.00833333 1499.99
0.00866667 1499.99
0.009 1500
0.00933333 1500
0.00966667 1500
0.01 1500
