0 1015.39
0.000333333 1032.82
0.000666667 1060.55
0.001 1099
0.00133333 1146.37
0.00166667 1199.11
0.002 1253.01
0.00233333 1304.19
0.00266667 1349.85
0.003 1388.45
0.00333333 1419.59
0.00366667 1443.69
0.004 1461.67
0.00433333 1474.63
0.00466667 1483.69
0.005 1489.82
0.00533333 1493.84
0.00566667 1496.39
0.006 1497.96
0.00633333 1498.89
0.00666667 1499.42
0.007 1499.71
0.00733333 1499.86
0.00766667 1499.94
0.008 1499.97
0.00833333 1499.99
0.00866667 1500
0.009 1500
0.00933333 1500
0.00966667 1500
0.01 1500
