0 1001.5
0.000153103 1002.92
0.000398419 1007.25
0.000578762 1012.75
0.000725792 1019.13
0.000856039 1026.44
0.000977227 1034.78
0.001094 1044.28
0.00120989 1055.18
0.0013283 1067.81
0.00145344 1082.74
0.00159233 1101.08
0.00176595 1126.28
0.00209599 1179.2
0.00265587 1272.96
0.00294477 1317.82
0.00314452 1346.03
0.00332372 1369.05
0.00349654 1389.06
0.00366985 1406.94
0.00384908 1423.16
0.00403989 1438.02
0.00424971 1451.7
0.00449027 1464.32
0.00478463 1475.98
0.00519314 1486.79
0.00588475 1495.82
0.00691356 1499.5
0.00794237 1499.97
0.00897119 1500
0.01 1500
