0 3.85059e+45
0.000333333 -1.50989e+28
0.000666667 6.41244e+13
0.001 1002.87
0.00133333 1000
0.00166667 1000
0.002 1000
0.00233333 1000
0.00266667 1000
0.003 1000
0.00333333 1000
0.00366667 1000
0.004 1000
0.00433333 1000
0.00466667 1000
0.005 1000.01
0.00533333 1000.86
0.00566667 1012.14
0.006 1063.22
0.00633333 1168.61
0.00666667 1292.92
0.007 1392.02
0.00733333 1451.98
0.00766667 1481.57
0.008 1493.91
0.00833333 1498.29
0.00866667 1499.61
0.009 1499.93
0.00933333 1499.99
0.00966667 1500
0.01 1500
