0 1008.27
0.000333333 1020.15
0.000666667 1041.43
0.001 1073.91
0.00133333 1117.15
0.00166667 1168.39
0.002 1223.4
0.00233333 1277.7
0.00266667 1327.62
0.003 1370.79
0.00333333 1406.22
0.00366667 1434
0.004 1454.92
0.00433333 1470.1
0.00466667 1480.75
0.005 1487.98
0.00533333 1492.73
0.00566667 1495.75
0.006 1497.6
0.00633333 1498.7
0.00666667 1499.32
0.007 1499.66
0.00733333 1499.84
0.00766667 1499.93
0.008 1499.97
0.00833333 1499.99
0.00866667 1500
0.009 1500
0.00933333 1500
0.00966667 1500
0.01 1500
