0 1417.7
0.000333333 1434.84
0.000666667 1449.08
0.001 1460.71
0.00133333 1470.07
0.00166667 1477.5
0.002 1483.31
0.00233333 1487.78
0.00266667 1491.18
0.003 1493.72
0.00333333 1495.6
0.00366667 1496.97
0.004 1497.94
0.00433333 1498.63
0.00466667 1499.1
0.005 1499.43
0.00533333 1499.64
0.00566667 1499.78
0.006 1499.87
0.00633333 1499.92
0.00666667 1499.96
0.007 1499.98
0.00733333 1499.99
0.00766667 1499.99
0.008 1500
0.00833333 1500
0.00866667 1500
0.009 1500
0.00933333 1500
0.00966667 1500
0.01 1500
