0 1363.23
0.000333333 1390.06
0.000666667 1413.01
0.001 1432.22
0.00133333 1447.98
0.00166667 1460.66
0.002 1470.7
0.00233333 1478.5
0.00266667 1484.47
0.003 1488.95
0.00333333 1492.27
0.00366667 1494.68
0.004 1496.41
0.00433333 1497.62
0.00466667 1498.45
0.005 1499.02
0.00533333 1499.39
0.00566667 1499.63
0.006 1499.78
0.00633333 1499.87
0.00666667 1499.93
0.007 1499.96
0.00733333 1499.98
0.00766667 1499.99
0.008 1500
0.00833333 1500
0.00866667 1500
0.009 1500
0.00933333 1500
0.00966667 1500
0.01 1500
