0 1000
0.000333333 1000
0.000666667 1000
0.001 1000
0.00133333 1000
0.00166667 1000.01
0.002 1000.14
0.00233333 1001.21
0.00266667 1006.3
0.003 1022.02
0.00333333 1056.04
0.00366667 1111.23
0.004 1182.27
0.00433333 1258.21
0.00466667 1328.22
0.005 1385.52
0.00533333 1428.11
0.00566667 1457.32
0.006 1476.02
0.00633333 1487.25
0.00666667 1493.61
0.007 1496.99
0.00733333 1498.68
0.00766667 1499.46
0.008 1499.8
0.00833333 1499.93
0.00866667 1499.98
0.009 1499.99
0.00933333 1500
0.00966667 1500
0.01 1500
