0 6.5837e+50
0.000333333 -4.71777e+32
0.000666667 3.04702e+17
0.001 2629.58
0.00133333 1000
0.00166667 1000
0.002 1000
0.00233333 1000
0.00266667 1000
0.003 1000
0.00333333 1000
0.00366667 1000
0.004 1000
0.00433333 1000
0.00466667 1000
0.005 1000.01
0.00533333 1000.54
0.00566667 1009.25
0.006 1054.29
0.00633333 1155.54
0.00666667 1281.46
0.007 1384.95
0.00733333 1448.59
0.00766667 1480.24
0.008 1493.47
0.00833333 1498.18
0.00866667 1499.58
0.009 1499.92
0.00933333 1499.99
0.00966667 1500
0.01 1500
