0 1344.94
0.000333333 1374.68
0.000666667 1400.39
0.001 1422.11
0.00133333 1440.04
0.00166667 1454.56
0.002 1466.1
0.00233333 1475.1
0.00266667 1482
0.003 1487.19
0.00333333 1491.04
0.00366667 1493.84
0.004 1495.84
0.00433333 1497.25
0.00466667 1498.22
0.005 1498.87
0.00533333 1499.3
0.00566667 1499.58
0.006 1499.75
0.00633333 1499.86
0.00666667 1499.92
0.007 1499.96
0.00733333 1499.98
0.00766667 1499.99
0.008 1499.99
0.00833333 1500
0.00866667 1500
0.009 1500
0.00933333 1500
0.00966667 1500
0.01 1500
