0 1094.38
0.000333333 1136.06
0.000666667 1182.81
0.001 1231.55
0.00133333 1279.26
0.00166667 1323.48
0.002 1362.55
0.00233333 1395.66
0.00266667 1422.71
0.003 1444.08
0.00333333 1460.48
0.00366667 1472.7
0.004 1481.58
0.00433333 1487.87
0.00466667 1492.21
0.005 1495.13
0.00533333 1497.03
0.00566667 1498.25
0.006 1499
0.00633333 1499.45
0.00666667 1499.71
0.007 1499.85
0.00733333 1499.93
0.00766667 1499.97
0.008 1499.98
0.00833333 1499.99
0.00866667 1500
0.009 1500
0.00933333 1500
0.00966667 1500
0.01 1500
