0 1000
0.000333333 1000
0.000666667 1000
0.001 1000.03
0.00133333 1000.28
0.00166667 1001.78
0.002 1007.49
0.00233333 1022.83
0.00266667 1053.56
0.003 1102
0.00333333 1164.69
0.00366667 1233.78
0.004 1300.57
0.00433333 1358.58
0.00466667 1404.73
0.005 1438.85
0.00533333 1462.52
0.00566667 1478.06
0.006 1487.74
0.00633333 1493.48
0.00666667 1496.71
0.007 1498.43
0.00733333 1499.3
0.00766667 1499.71
0.008 1499.89
0.00833333 1499.96
0.00866667 1499.99
0.009 1500
0.00933333 1500
0.00966667 1500
0.01 1500
