0 1001.07
0.000333333 1004.04
0.000666667 1011.87
0.001 1028.2
0.00133333 1056.18
0.00166667 1096.79
0.002 1147.99
0.00233333 1205.32
0.00266667 1263.45
0.003 1317.65
0.00333333 1364.72
0.00366667 1403.22
0.004 1433.12
0.00433333 1455.3
0.00466667 1471.09
0.005 1481.91
0.00533333 1489.06
0.00566667 1493.62
0.006 1496.42
0.00633333 1498.07
0.00666667 1499
0.007 1499.51
0.00733333 1499.77
0.00766667 1499.9
0.008 1499.96
0.00833333 1499.98
0.00866667 1499.99
0.009 1500
0.00933333 1500
0.00966667 1500
0.01 1500
