0 999.999
0.000833985 1000
0.00166797 1000
0.00250195 1000
0.00333594 1000.1
0.00377428 1003.24
0.0039664 1009.15
0.00408867 1015.93
0.0041885 1023.77
0.00427811 1032.85
0.00436292 1043.36
0.00444648 1055.62
0.00453201 1070.11
0.00462363 1087.74
0.00472987 1110.67
0.00489052 1149.45
0.0052456 1243.62
0.00551163 1311.33
0.00565971 1344.99
0.0057868 1370.91
0.00590933 1393.1
0.00603346 1412.76
0.00616417 1430.47
0.00630725 1446.57
0.00647158 1461.29
0.006675 1474.78
0.00696775 1487.17
0.00749805 1496.91
0.00833203 1499.83
0.00916602 1500
0.01 1500
