0 1114.48
0.000333333 1158.27
0.000666667 1205.56
0.001 1253.36
0.00133333 1299
0.00166667 1340.47
0.002 1376.54
0.00233333 1406.74
0.00266667 1431.17
0.003 1450.35
0.00333333 1464.98
0.00366667 1475.84
0.004 1483.71
0.00433333 1489.28
0.00466667 1493.11
0.005 1495.69
0.00533333 1497.37
0.00566667 1498.45
0.006 1499.11
0.00633333 1499.51
0.00666667 1499.74
0.007 1499.87
0.00733333 1499.93
0.00766667 1499.97
0.008 1499.99
0.00833333 1499.99
0.00866667 1500
0.009 1500
0.00933333 1500
0.00966667 1500
0.01 1500
