0 1000
0.000333333 1000
0.000666667 1000.02
0.001 1000.2
0.00133333 1001.28
0.00166667 1005.54
0.002 1017.52
0.00233333 1042.7
0.00266667 1084.42
0.003 1141.19
0.00333333 1206.87
0.00366667 1273.43
0.004 1333.91
0.00433333 1384.15
0.00466667 1422.87
0.005 1450.88
0.00533333 1470.04
0.00566667 1482.5
0.006 1490.23
0.00633333 1494.79
0.00666667 1497.37
0.007 1498.74
0.00733333 1499.43
0.00766667 1499.76
0.008 1499.91
0.00833333 1499.97
0.00866667 1499.99
0.009 1500
0.00933333 1500
0.00966667 1500
0.01 1500
