0 1223.08
0.000333333 1266.69
0.000666667 1307.91
0.001 1345.32
0.00133333 1378.08
0.00166667 1405.85
0.002 1428.72
0.00233333 1447.08
0.00266667 1461.45
0.003 1472.45
0.00333333 1480.69
0.00366667 1486.73
0.004 1491.06
0.00433333 1494.11
0.00466667 1496.2
0.005 1497.61
0.00533333 1498.54
0.00566667 1499.13
0.006 1499.49
0.00633333 1499.72
0.00666667 1499.85
0.007 1499.92
0.00733333 1499.96
0.00766667 1499.98
0.008 1499.99
0.00833333 1500
0.00866667 1500
0.009 1500
0.00933333 1500
0.00966667 1500
0.01 1500
