0 1000
0.000333333 1000
0.000666667 1000
0.001 1000.02
0.00133333 1000.25
0.00166667 1001.64
0.002 1007.04
0.00233333 1021.79
0.00266667 1051.79
0.003 1099.58
0.00333333 1161.94
0.00366667 1231.09
0.004 1298.24
0.00433333 1356.76
0.00466667 1403.42
0.005 1437.96
0.00533333 1461.97
0.00566667 1477.73
0.006 1487.56
0.00633333 1493.38
0.00666667 1496.66
0.007 1498.41
0.00733333 1499.29
0.00766667 1499.7
0.008 1499.89
0.00833333 1499.96
0.00866667 1499.99
0.009 1500
0.00933333 1500
0.00966667 1500
0.01 1500
