0 1000
0.000333333 1000
0.000666667 1000
0.001 1000
0.00133333 1000.02
0.00166667 1000.24
0.002 1001.67
0.00233333 1007.55
0.00266667 1023.95
0.003 1057.34
0.00333333 1109.9
0.00366667 1176.98
0.004 1249.25
0.00433333 1317.16
0.00466667 1374.27
0.005 1418.14
0.00533333 1449.38
0.00566667 1470.22
0.006 1483.34
0.00633333 1491.15
0.00666667 1495.55
0.007 1497.89
0.00733333 1499.07
0.00766667 1499.61
0.008 1499.85
0.00833333 1499.95
0.00866667 1499.98
0.009 1500
0.00933333 1500
0.00966667 1500
0.01 1500
