0 1000
0.000333333 1000
0.000666667 1000
0.001 1000
0.00133333 1000
0.00166667 1000.01
0.002 1000.17
0.00233333 1001.42
0.00266667 1007.09
0.003 1023.97
0.00333333 1059.49
0.00366667 1115.91
0.004 1187.41
0.00433333 1262.98
0.00466667 1332.08
0.005 1388.32
0.00533333 1429.96
0.00566667 1458.46
0.006 1476.67
0.00633333 1487.6
0.00666667 1493.78
0.007 1497.07
0.00733333 1498.71
0.00766667 1499.48
0.008 1499.8
0.00833333 1499.93
0.00866667 1499.98
0.009 1499.99
0.00933333 1500
0.00966667 1500
0.01 1500
