0 974.395
5.68449e-05 1002.22
0.000272415 999.806
0.000619829 1000
0.000967243 1000
0.00131466 1000
0.00166207 1000
0.00200948 1000
0.0023569 1000
0.00270431 1000
0.00305173 1000
0.00339914 1000
0.00374655 1000.07
0.00409397 1001.58
0.00444138 1012.54
0.00478879 1049.47
0.00513621 1122.07
0.00548362 1218.59
0.00583104 1314.6
0.00617845 1391.28
0.00652586 1442.88
0.00687328 1473.06
0.00722069 1488.65
0.0075681 1495.78
0.00791552 1498.64
0.00826293 1499.63
0.00861035 1499.92
0.00895776 1499.99
0.00930517 1500
0.00965259 1500
0.01 1500
