0 -8.94852e+63
0.000333333 1.25049e+44
0.000666667 -1.04892e+27
0.001 -4.30468e+10
0.00133333 999.978
0.00166667 1000
0.002 1000
0.00233333 1000
0.00266667 1000
0.003 1000
0.00333333 1000
0.00366667 1000
0.004 1000
0.00433333 1000
0.00466667 1000
0.005 1000
0.00533333 1000.16
0.00566667 1004.53
0.006 1036.34
0.00633333 1125.72
0.00666667 1253.3
0.007 1366.87
0.00733333 1439.75
0.00766667 1476.74
0.008 1492.33
0.00833333 1497.87
0.00866667 1499.52
0.009 1499.91
0.00933333 1499.99
0.00966667 1500
0.01 1500
