0 1000.06
0.000333333 1000.42
0.000666667 1002.04
0.001 1007.24
0.00133333 1019.9
0.00166667 1044.22
0.002 1082.55
0.00233333 1133.72
0.00266667 1193.2
0.003 1254.78
0.00333333 1312.7
0.00366667 1362.95
0.004 1403.7
0.00433333 1434.88
0.00466667 1457.56
0.005 1473.34
0.00533333 1483.86
0.00566667 1490.59
0.006 1494.73
0.00633333 1497.18
0.00666667 1498.56
0.007 1499.3
0.00733333 1499.68
0.00766667 1499.86
0.008 1499.94
0.00833333 1499.98
0.00866667 1499.99
0.009 1500
0.00933333 1500
0.00966667 1500
0.01 1500
