0 1000
0.000333333 1000
0.000666667 1000
0.001 1000.01
0.00133333 1000.13
0.00166667 1000.97
0.002 1004.75
0.00233333 1016.3
0.00266667 1041.93
0.003 1085.62
0.00333333 1145.65
0.00366667 1214.84
0.004 1283.98
0.00433333 1345.48
0.00466667 1395.25
0.005 1432.47
0.00533333 1458.5
0.00566667 1475.67
0.006 1486.4
0.00633333 1492.77
0.00666667 1496.36
0.007 1498.27
0.00733333 1499.23
0.00766667 1499.68
0.008 1499.88
0.00833333 1499.96
0.00866667 1499.99
0.009 1500
0.00933333 1500
0.00966667 1500
0.01 1500
