0 9.88747e+74
0.000333333 -6.74952e+53
0.000666667 2.05758e+35
0.001 2.10678e+17
0.00133333 2641.44
0.00166667 1000
0.002 1000
0.00233333 1000
0.00266667 1000
0.003 1000
0.00333333 1000
0.00366667 1000
0.004 1000
0.00433333 1000
0.00466667 1000
0.005 1000
0.00533333 1000.05
0.00566667 1002.38
0.006 1025.35
0.00633333 1103.84
0.00666667 1230.39
0.007 1351.32
0.00733333 1431.94
0.00766667 1473.61
0.008 1491.3
0.00833333 1497.59
0.00866667 1499.46
0.009 1499.9
0.00933333 1499.99
0.00966667 1500
0.01 1500
