0 1000
0.000333333 1000
0.000666667 1000
0.001 1000
0.00133333 1000.01
0.00166667 1000.1
0.002 1000.85
0.00233333 1004.56
0.00266667 1016.59
0.003 1044.09
0.00333333 1091.36
0.00366667 1155.82
0.004 1228.77
0.00433333 1299.8
0.00466667 1361.07
0.005 1408.96
0.00533333 1443.47
0.00566667 1466.66
0.006 1481.33
0.00633333 1490.08
0.00666667 1495.02
0.007 1497.64
0.00733333 1498.96
0.00766667 1499.57
0.008 1499.84
0.00833333 1499.94
0.00866667 1499.98
0.009 1500
0.00933333 1500
0.00966667 1500
0.01 1500
