0 1000
0.000333333 1000
0.000666667 1000.03
0.001 1000.28
0.00133333 1001.66
0.00166667 1006.78
0.002 1020.36
0.00233333 1047.71
0.00266667 1091.51
0.003 1149.55
0.00333333 1215.39
0.00366667 1281.11
0.004 1340.18
0.00433333 1388.85
0.00466667 1426.16
0.005 1453.04
0.00533333 1471.38
0.00566667 1483.29
0.006 1490.67
0.00633333 1495.03
0.00666667 1497.48
0.007 1498.79
0.00733333 1499.46
0.00766667 1499.77
0.008 1499.91
0.00833333 1499.97
0.00866667 1499.99
0.009 1500
0.00933333 1500
0.00966667 1500
0.01 1500
