0 1354.27
0.000333333 1382.55
0.000666667 1406.86
0.001 1427.3
0.00133333 1444.12
0.00166667 1457.71
0.002 1468.47
0.00233333 1476.85
0.00266667 1483.27
0.003 1488.1
0.00333333 1491.68
0.00366667 1494.28
0.004 1496.14
0.00433333 1497.44
0.00466667 1498.34
0.005 1498.95
0.00533333 1499.35
0.00566667 1499.6
0.006 1499.77
0.00633333 1499.87
0.00666667 1499.93
0.007 1499.96
0.00733333 1499.98
0.00766667 1499.99
0.008 1499.99
0.00833333 1500
0.00866667 1500
0.009 1500
0.00933333 1500
0.00966667 1500
0.01 1500
