0 1447.03
0.000333333 1458.38
0.000666667 1467.67
0.001 1475.17
0.00133333 1481.15
0.00166667 1485.86
0.002 1489.52
0.00233333 1492.33
0.00266667 1494.46
0.003 1496.05
0.00333333 1497.23
0.00366667 1498.08
0.004 1498.69
0.00433333 1499.12
0.00466667 1499.42
0.005 1499.63
0.00533333 1499.76
0.00566667 1499.85
0.006 1499.91
0.00633333 1499.95
0.00666667 1499.97
0.007 1499.98
0.00733333 1499.99
0.00766667 1500
0.008 1500
0.00833333 1500
0.00866667 1500
0.009 1500
0.00933333 1500
0.00966667 1500
0.01 1500
