0 1000
0.000333333 1000
0.000666667 1000
0.001 1000
0.00133333 1000
0.00166667 1000.02
0.002 1000.27
0.00233333 1001.94
0.00266667 1008.91
0.003 1028.23
0.00333333 1066.75
0.00366667 1125.51
0.004 1197.73
0.00433333 1272.41
0.00466667 1339.64
0.005 1393.77
0.00533333 1433.56
0.00566667 1460.65
0.006 1477.92
0.00633333 1488.27
0.00666667 1494.11
0.007 1497.23
0.00733333 1498.78
0.00766667 1499.5
0.008 1499.81
0.00833333 1499.94
0.00866667 1499.98
0.009 1499.99
0.00933333 1500
0.00966667 1500
0.01 1500
