0 1155.17
0.000333333 1200.8
0.000666667 1247.19
0.001 1291.85
0.00133333 1332.84
0.00166667 1368.94
0.002 1399.58
0.00233333 1424.73
0.00266667 1444.78
0.003 1460.34
0.00333333 1472.11
0.00366667 1480.8
0.004 1487.07
0.00433333 1491.48
0.00466667 1494.52
0.005 1496.57
0.00533333 1497.9
0.00566667 1498.76
0.006 1499.28
0.00633333 1499.6
0.00666667 1499.79
0.007 1499.89
0.00733333 1499.95
0.00766667 1499.97
0.008 1499.99
0.00833333 1499.99
0.00866667 1500
0.009 1500
0.00933333 1500
0.00966667 1500
0.01 1500
