0 1277.65
0.000333333 1315.34
0.000666667 1349.58
0.001 1379.76
0.00133333 1405.67
0.00166667 1427.34
0.002 1445.06
0.00233333 1459.22
0.00266667 1470.3
0.003 1478.79
0.00333333 1485.15
0.00366667 1489.83
0.004 1493.19
0.00433333 1495.55
0.00466667 1497.16
0.005 1498.24
0.00533333 1498.94
0.00566667 1499.39
0.006 1499.66
0.00633333 1499.81
0.00666667 1499.9
0.007 1499.95
0.00733333 1499.98
0.00766667 1499.99
0.008 1500
0.00833333 1500
0.00866667 1500
0.009 1500
0.00933333 1500
0.00966667 1500
0.01 1500
