0 1444.09
0.000333333 1456.04
0.000666667 1465.83
0.001 1473.75
0.00133333 1480.06
0.00166667 1485.04
0.002 1488.91
0.00233333 1491.88
0.00266667 1494.14
0.003 1495.82
0.00333333 1497.07
0.00366667 1497.97
0.004 1498.62
0.00433333 1499.08
0.00466667 1499.39
0.005 1499.61
0.00533333 1499.75
0.00566667 1499.85
0.006 1499.91
0.00633333 1499.95
0.00666667 1499.97
0.007 1499.98
0.00733333 1499.99
0.00766667 1499.99
0.008 1500
0.00833333 1500
0.00866667 1500
0.009 1500
0.00933333 1500
0.00966667 1500
0.01 1500
