0 -4.67538e+43
0.000333333 3.49171e+26
0.000666667 -3.03234e+12
0.001 999.695
0.00133333 1000
0.00166667 1000
0.002 1000
0.00233333 1000
0.00266667 1000
0.003 1000
0.00333333 1000
0.00366667 1000
0.004 1000
0.00433333 1000
0.00466667 1000
0.005 1000.02
0.00533333 1001.01
0.00566667 1013.39
0.006 1066.78
0.00633333 1173.57
0.00666667 1297.15
0.007 1394.59
0.00733333 1453.2
0.00766667 1482.05
0.008 1494.06
0.00833333 1498.34
0.00866667 1499.62
0.009 1499.93
0.00933333 1499.99
0.00966667 1500
0.01 1500
