0 1000
0.000333333 1000
0.000666667 1000.02
0.001 1000.18
0.00133333 1001.16
0.00166667 1005.17
0.002 1016.64
0.00233333 1041.1
0.00266667 1082.12
0.003 1138.43
0.00333333 1204.03
0.00366667 1270.85
0.004 1331.79
0.00433333 1382.55
0.00466667 1421.75
0.005 1450.14
0.00533333 1469.58
0.00566667 1482.23
0.006 1490.08
0.00633333 1494.72
0.00666667 1497.33
0.007 1498.72
0.00733333 1499.42
0.00766667 1499.76
0.008 1499.91
0.00833333 1499.97
0.00866667 1499.99
0.009 1500
0.00933333 1500
0.00966667 1500
0.01 1500
