0 1000.6
0.000333333 1002.99
0.000666667 1009.98
0.001 1025.22
0.00133333 1051.78
0.00166667 1090.6
0.002 1139.86
0.00233333 1195.56
0.00266667 1252.76
0.003 1306.97
0.00333333 1354.94
0.00366667 1394.95
0.004 1426.62
0.00433333 1450.54
0.00466667 1467.85
0.005 1479.86
0.00533333 1487.87
0.00566667 1492.99
0.006 1496.13
0.00633333 1497.97
0.00666667 1498.99
0.007 1499.53
0.00733333 1499.8
0.00766667 1499.92
0.008 1499.97
0.00833333 1499.99
0.00866667 1500
0.009 1500
0.00933333 1500
0.00966667 1500
0.01 1500
