0 1000
0.000333333 1000
0.000666667 1000
0.001 1000.03
0.00133333 1000.32
0.00166667 1001.93
0.002 1007.97
0.00233333 1023.89
0.00266667 1055.37
0.003 1104.45
0.00333333 1167.46
0.00366667 1236.48
0.004 1302.89
0.00433333 1360.4
0.00466667 1406.03
0.005 1439.72
0.00533333 1463.07
0.00566667 1478.38
0.006 1487.92
0.00633333 1493.58
0.00666667 1496.76
0.007 1498.45
0.00733333 1499.31
0.00766667 1499.71
0.008 1499.89
0.00833333 1499.96
0.00866667 1499.99
0.009 1500
0.00933333 1500
0.00966667 1500
0.01 1500
