0 1020.96
0.000333333 1041.81
0.000666667 1073.1
0.001 1114.45
0.00133333 1163.45
0.00166667 1216.34
0.002 1269.09
0.00233333 1318.22
0.00266667 1361.4
0.003 1397.49
0.00333333 1426.35
0.00366667 1448.55
0.004 1465.04
0.00433333 1476.89
0.00466667 1485.14
0.005 1490.73
0.00533333 1494.38
0.00566667 1496.71
0.006 1498.14
0.00633333 1498.98
0.00666667 1499.47
0.007 1499.73
0.00733333 1499.87
0.00766667 1499.94
0.008 1499.98
0.00833333 1499.99
0.00866667 1500
0.009 1500
0.00933333 1500
0.00966667 1500
0.01 1500
