0 1000
0.000333333 1000
0.000666667 1000
0.001 1000
0.00133333 1000
0.00166667 1000.05
0.002 1000.53
0.00233333 1003.24
0.00266667 1012.95
0.003 1036.91
0.00333333 1080.61
0.00366667 1142.94
0.004 1215.85
0.00433333 1288.57
0.00466667 1352.38
0.005 1402.84
0.00533333 1439.49
0.00566667 1464.26
0.006 1479.97
0.00633333 1489.36
0.00666667 1494.66
0.007 1497.48
0.00733333 1498.89
0.00766667 1499.54
0.008 1499.83
0.00833333 1499.94
0.00866667 1499.98
0.009 1499.99
0.00933333 1500
0.00966667 1500
0.01 1500
