0 -4.66833e+19
0.000333333 4.56506e+06
0.000666667 999.998
0.001 1000
0.00133333 1000
0.00166667 1000
0.002 1000
0.00233333 1000
0.00266667 1000
0.003 1000
0.00333333 1000
0.00366667 1000
0.004 1000
0.00433333 1000
0.00466667 1000.01
0.005 1000.46
0.00533333 1007.19
0.00566667 1042.35
0.006 1127.2
0.00633333 1243.96
0.00666667 1351.51
0.007 1425.95
0.00733333 1467.76
0.00766667 1487.69
0.008 1495.91
0.00833333 1498.84
0.00866667 1499.72
0.009 1499.95
0.00933333 1499.99
0.00966667 1500
0.01 1500
