0 1463.19
0.000333333 1471.19
0.000666667 1477.68
0.001 1482.89
0.00133333 1487.03
0.00166667 1490.28
0.002 1492.79
0.00233333 1494.72
0.00266667 1496.18
0.003 1497.27
0.00333333 1498.08
0.00366667 1498.67
0.004 1499.09
0.00433333 1499.39
0.00466667 1499.59
0.005 1499.74
0.00533333 1499.83
0.00566667 1499.9
0.006 1499.94
0.00633333 1499.96
0.00666667 1499.98
0.007 1499.99
0.00733333 1499.99
0.00766667 1500
0.008 1500
0.00833333 1500
0.00866667 1500
0.009 1500
0.00933333 1500
0.00966667 1500
0.01 1500
