0 -1.06812e+85
0.000333333 5.64142e+62
0.000666667 -1.04544e+43
0.001 -4.80647e+23
0.00133333 -1.12993e+08
0.00166667 1000
0.002 1000
0.00233333 1000
0.00266667 1000
0.003 1000
0.00333333 1000
0.00366667 1000
0.004 1000
0.00433333 1000
0.00466667 1000
0.005 1000
0.00533333 1000.02
0.00566667 1001.29
0.006 1017.93
0.00633333 1086.39
0.00666667 1210.28
0.007 1336.95
0.00733333 1424.53
0.00766667 1470.61
0.008 1490.31
0.00833333 1497.33
0.00866667 1499.4
0.009 1499.9
0.00933333 1499.99
0.00966667 1500
0.01 1500
