0 1002.37
0.000333333 1007.54
0.000666667 1019.28
0.001 1041
0.00133333 1074.75
0.00166667 1120.04
0.002 1173.7
0.00233333 1230.93
0.00266667 1286.8
0.003 1337.39
0.00333333 1380.37
0.00366667 1414.96
0.004 1441.5
0.00433333 1461.02
0.00466667 1474.84
0.005 1484.27
0.00533333 1490.49
0.00566667 1494.45
0.006 1496.88
0.00633333 1498.31
0.00666667 1499.13
0.007 1499.57
0.00733333 1499.8
0.00766667 1499.91
0.008 1499.96
0.00833333 1499.99
0.00866667 1499.99
0.009 1500
0.00933333 1500
0.00966667 1500
0.01 1500
