0 1065.14
0.000333333 1101.76
0.000666667 1145.91
0.001 1194.74
0.00133333 1244.86
0.00166667 1293.1
0.002 1337.02
0.00233333 1375.13
0.00266667 1406.83
0.003 1432.23
0.00333333 1451.91
0.00366667 1466.7
0.004 1477.5
0.00433333 1485.17
0.00466667 1490.48
0.005 1494.05
0.00533333 1496.39
0.00566667 1497.87
0.006 1498.79
0.00633333 1499.33
0.00666667 1499.65
0.007 1499.82
0.00733333 1499.91
0.00766667 1499.96
0.008 1499.98
0.00833333 1499.99
0.00866667 1500
0.009 1500
0.00933333 1500
0.00966667 1500
0.01 1500
