0 1151.31
0.000333333 1196.88
0.000666667 1243.44
0.001 1288.45
0.00133333 1329.91
0.00166667 1366.5
0.002 1397.62
0.00233333 1423.21
0.00266667 1443.64
0.003 1459.51
0.00333333 1471.52
0.00366667 1480.39
0.004 1486.79
0.00433333 1491.3
0.00466667 1494.41
0.005 1496.49
0.00533333 1497.86
0.00566667 1498.73
0.006 1499.27
0.00633333 1499.59
0.00666667 1499.78
0.007 1499.89
0.00733333 1499.94
0.00766667 1499.97
0.008 1499.99
0.00833333 1499.99
0.00866667 1500
0.009 1500
0.00933333 1500
0.00966667 1500
0.01 1500
