0 1019
6.23053e-05 1022.04
0.000404984 1044.84
0.000747664 1078.46
0.00109034 1121.93
0.00143302 1172.38
0.0017757 1225.9
0.00211838 1278.52
0.00246106 1327.01
0.00280374 1369.26
0.00314642 1404.3
0.0034891 1432.13
0.00383178 1453.35
0.00417445 1468.93
0.00451713 1479.98
0.00485981 1487.54
0.00520249 1492.52
0.00554517 1495.69
0.00588785 1497.62
0.00623053 1498.75
0.00657321 1499.38
0.00691589 1499.71
0.00725857 1499.87
0.00760125 1499.95
0.00794393 1499.98
0.0082866 1499.99
0.00862928 1500
0.00897196 1500
0.00931464 1500
0.00965732 1500
0.01 1500
