0 9.97676e+88
0.000333333 -1.99539e+66
0.000666667 1.28045e+46
0.001 1.82342e+26
0.00133333 1.14869e+10
0.00166667 999.998
0.002 1000
0.00233333 1000
0.00266667 1000
0.003 1000
0.00333333 1000
0.00366667 1000
0.004 1000
0.00433333 1000
0.00466667 1000
0.005 1000
0.00533333 1000.01
0.00566667 1001
0.006 1015.56
0.00633333 1080.1
0.00666667 1202.52
0.007 1331.21
0.00733333 1421.52
0.00766667 1469.38
0.008 1489.9
0.00833333 1497.22
0.00866667 1499.38
0.009 1499.89
0.00933333 1499.99
0.00966667 1500
0.01 1500
