0 1000
0.000333333 1000
0.000666667 1000
0.001 1000
0.00133333 1000.01
0.00166667 1000.09
0.002 1000.77
0.00233333 1004.27
0.00266667 1015.81
0.003 1042.59
0.00333333 1089.15
0.00366667 1153.22
0.004 1226.2
0.00433333 1297.58
0.00466667 1359.36
0.005 1407.76
0.00533333 1442.69
0.00566667 1466.19
0.006 1481.06
0.00633333 1489.94
0.00666667 1494.95
0.007 1497.61
0.00733333 1498.94
0.00766667 1499.57
0.008 1499.84
0.00833333 1499.94
0.00866667 1499.98
0.009 1500
0.00933333 1500
0.00966667 1500
0.01 1500
