0 1452.53
0.000333333 1462.75
0.000666667 1471.09
0.001 1477.81
0.00133333 1483.16
0.00166667 1487.37
0.002 1490.64
0.00233333 1493.15
0.00266667 1495.05
0.003 1496.47
0.00333333 1497.52
0.00366667 1498.28
0.004 1498.83
0.00433333 1499.21
0.00466667 1499.48
0.005 1499.67
0.00533333 1499.79
0.00566667 1499.87
0.006 1499.92
0.00633333 1499.95
0.00666667 1499.97
0.007 1499.98
0.00733333 1499.99
0.00766667 1500
0.008 1500
0.00833333 1500
0.00866667 1500
0.009 1500
0.00933333 1500
0.00966667 1500
0.01 1500
