0 1000.005535908496
0.0007099937743968422 999.9999999508673
0.001419987548793684 1000.000000000011
0.002129981323190526 999.9999999999959
0.002839975097587368 1000.000006265615
0.00354996887198421 1000.367077279092
0.003831787817387721 1002.912035403951
0.003932936244218326 1005.267603057574
0.004015185219922169 1008.132528393246
0.00418700291290961 1017.872903367147
0.004473527400698097 1049.464201328743
0.004613429695368671 1072.988190541849
0.004719401580409135 1094.249663654304
0.004815087276696928 1115.710088579992
0.004907104474363842 1138.043927386345
0.004998243639844522 1161.436952368588
0.005091501239998277 1186.270408437407
0.005191105245699899 1213.30394963993
0.00530101219311145 1243.132077209199
0.005422811793369607 1275.43181006254
0.005557262361352728 1309.30184260506
0.005707219599641543 1343.972568936208
0.005877375962680036 1378.542373223453
0.006075792332407649 1411.965879119047
0.006318449965763841 1443.091975387023
0.006645546093798137 1470.653440220321
0.007160024902412599 1491.360382772386
0.00787001867680945 1498.961786788134
0.008580012451206301 1499.937059076422
0.009290006225603151 1499.998601785027
0.01 1499.999986665385
