0 1000.69
0.000333333 1002.88
0.000666667 1009.1
0.001 1022.98
0.00133333 1048.06
0.00166667 1086.03
0.002 1135.55
0.00233333 1192.52
0.00266667 1251.47
0.003 1307.32
0.00333333 1356.41
0.00366667 1396.92
0.004 1428.59
0.00433333 1452.19
0.00466667 1469.04
0.005 1480.62
0.00533333 1488.28
0.00566667 1493.17
0.006 1496.16
0.00633333 1497.93
0.00666667 1498.94
0.007 1499.48
0.00733333 1499.76
0.00766667 1499.89
0.008 1499.96
0.00833333 1499.98
0.00866667 1499.99
0.009 1500
0.00933333 1500
0.00966667 1500
0.01 1500
