0 1394.973519179769
6.230529595015642e-05 1399.126467104109
0.0004049844236760167 1419.917552827757
0.000747663551401877 1437.374532983332
0.001090342679127737 1451.762703763443
0.001433021806853598 1463.411736391996
0.001775700934579458 1472.680294218112
0.002118380062305318 1479.928911857457
0.002461059190031178 1485.500747059401
0.002803738317757038 1489.70917787392
0.003146417445482898 1492.83094871983
0.003489096573208757 1495.103546738702
0.003831775700934616 1496.72561137123
0.004174454828660475 1497.859369060548
0.004517133956386334 1498.634290803622
0.004859813084112193 1499.151363481774
0.00520249221183805 1499.487532401389
0.005545171339563907 1499.700008169134
0.005887850467289764 1499.830237535262
0.00623052959501562 1499.907419415736
0.006573208722741476 1499.951508822246
0.006915887850467331 1499.97569724866
0.007258566978193185 1499.988391544941
0.00760124610591904 1499.994736779787
0.007943925233644893 1499.997743568374
0.008286604361370745 1499.999087883337
0.008629283489096598 1499.999652434045
0.008971962616822449 1499.999874408895
0.0093146417445483 1499.999956119225
0.009657320872274151 1499.999984479152
0.01 1499.999993964332
