0 1013.51
0.000333333 1029.62
0.000666667 1055.91
0.001 1093.11
0.00133333 1139.68
0.00166667 1192.23
0.002 1246.49
0.00233333 1298.44
0.00266667 1345.07
0.003 1384.68
0.00333333 1416.75
0.00366667 1441.64
0.004 1460.25
0.00433333 1473.68
0.00466667 1483.07
0.005 1489.43
0.00533333 1493.6
0.00566667 1496.26
0.006 1497.88
0.00633333 1498.85
0.00666667 1499.4
0.007 1499.7
0.00733333 1499.86
0.00766667 1499.94
0.008 1499.97
0.00833333 1499.99
0.00866667 1500
0.009 1500
0.00933333 1500
0.00966667 1500
0.01 1500
