0 1011.02
0.000333333 1025.24
0.000666667 1049.37
0.001 1084.6
0.00133333 1129.85
0.00166667 1181.96
0.002 1236.64
0.00233333 1289.66
0.00266667 1337.72
0.003 1378.86
0.00333333 1412.35
0.00366667 1438.46
0.004 1458.03
0.00433333 1472.2
0.00466667 1482.11
0.005 1488.83
0.00533333 1493.24
0.00566667 1496.04
0.006 1497.77
0.00633333 1498.79
0.00666667 1499.37
0.007 1499.69
0.00733333 1499.85
0.00766667 1499.93
0.008 1499.97
0.00833333 1499.99
0.00866667 1500
0.009 1500
0.00933333 1500
0.00966667 1500
0.01 1500
