0 1305.043096869871
6.230529595015642e-05 1311.744425925413
0.0004049844236760167 1346.45906636227
0.000747663551401877 1377.140326567218
0.001090342679127737 1403.518407406747
0.001433021806853598 1425.627273257465
0.001775700934579458 1443.722976146876
0.002118380062305318 1458.204369562866
0.002461059190031178 1469.544902706196
0.002803738317757038 1478.23931405603
0.003146417445482898 1484.765614027573
0.003489096573208757 1489.560712870285
0.003831775700934616 1493.007116076735
0.004174454828660475 1495.427918866664
0.004517133956386334 1497.087569002107
0.004859813084112193 1498.196299865874
0.00520249221183805 1498.91661323647
0.005545171339563907 1499.370630971925
0.005887850467289764 1499.647501585942
0.00623052959501562 1499.81033496397
0.006573208722741476 1499.902354442792
0.006915887850467331 1499.952113686445
0.007258566978193185 1499.977739583901
0.00760124610591904 1499.990242416048
0.007943925233644893 1499.995988185197
0.008286604361370745 1499.998460038044
0.008629283489096598 1499.999449426162
0.008971962616822449 1499.999815981131
0.0093146417445483 1499.999941429764
0.009657320872274151 1499.999981326449
0.01 1499.999993402875
