0 1000
0.000333333 1000
0.000666667 1000
0.001 1000
0.00133333 1000
0.00166667 1000
0.002 1000
0.00233333 1000.01
0.00266667 1000.2
0.003 1001.88
0.00333333 1009.87
0.00366667 1033.47
0.004 1080.93
0.00433333 1151.21
0.00466667 1232.98
0.005 1311.69
0.00533333 1376.98
0.00566667 1425.11
0.006 1457.32
0.00633333 1477.19
0.00666667 1488.58
0.007 1494.66
0.00733333 1497.68
0.00766667 1499.08
0.008 1499.66
0.00833333 1499.89
0.00866667 1499.97
0.009 1499.99
0.00933333 1500
0.00966667 1500
0.01 1500
