0 1437.83
0.000333333 1451.04
0.000666667 1461.9
0.001 1470.69
0.00133333 1477.73
0.00166667 1483.28
0.002 1487.61
0.00233333 1490.93
0.00266667 1493.45
0.003 1495.34
0.00333333 1496.73
0.00366667 1497.74
0.004 1498.46
0.00433333 1498.97
0.00466667 1499.33
0.005 1499.57
0.00533333 1499.73
0.00566667 1499.83
0.006 1499.9
0.00633333 1499.94
0.00666667 1499.97
0.007 1499.98
0.00733333 1499.99
0.00766667 1499.99
0.008 1500
0.00833333 1500
0.00866667 1500
0.009 1500
0.00933333 1500
0.00966667 1500
0.01 1500
