0 1000
0.000737834 1000
0.00128257 1000.31
0.0014504 1000.91
0.00153678 1001.47
0.00162602 1002.33
0.00181116 1005.4
0.00220274 1021.46
0.00241497 1038.07
0.00255521 1052.71
0.00267326 1067.34
0.00278208 1082.63
0.00288661 1098.84
0.00298903 1116.03
0.00309055 1134.15
0.00319262 1153.26
0.00329924 1173.95
0.00342109 1198.17
0.00357651 1229.34
0.00378512 1270.47
0.00405033 1319.35
0.00436103 1369.08
0.00471728 1414.17
0.00513248 1451.07
0.0056493 1478.14
0.00631083 1493.53
0.00704867 1498.76
0.0077865 1499.84
0.00852433 1499.99
0.00926217 1500
0.01 1500
