0 1450.706371106249
6.230529595015642e-05 1452.80925527299
0.0004049844236760167 1463.140358902338
0.000747663551401877 1471.568928587007
0.001090342679127737 1478.351485204324
0.001433021806853598 1483.734830640979
0.001775700934579458 1487.948428683747
0.002118380062305318 1491.19971801191
0.002461059190031178 1493.671764789492
0.002803738317757038 1495.522695911445
0.003146417445482898 1496.886420049104
0.003489096573208757 1497.87422319544
0.003831775700934616 1498.576905923799
0.004174454828660475 1499.067203751166
0.004517133956386334 1499.402296342787
0.004859813084112193 1499.62626484401
0.00520249221183805 1499.772399924487
0.005545171339563907 1499.865297466995
0.005887850467289764 1499.922705755081
0.00623052959501562 1499.957108944528
0.006573208722741476 1499.977047718372
0.006915887850467331 1499.988190190928
0.007258566978193185 1499.994174931861
0.00760124610591904 1499.997253816531
0.007943925233644893 1499.998765560255
0.008286604361370745 1499.99947154024
0.008629283489096598 1499.999784188137
0.008971962616822449 1499.999915282227
0.0093146417445483 1499.999967402579
0.009657320872274151 1499.999987201244
0.01 1499.99999452579
