0 1331.96
0.000333333 1363.65
0.000666667 1391.27
0.001 1414.74
0.00133333 1434.23
0.00166667 1450.08
0.002 1462.71
0.00233333 1472.58
0.00266667 1480.17
0.003 1485.89
0.00333333 1490.13
0.00366667 1493.22
0.004 1495.42
0.00433333 1496.97
0.00466667 1498.04
0.005 1498.76
0.00533333 1499.23
0.00566667 1499.54
0.006 1499.73
0.00633333 1499.84
0.00666667 1499.91
0.007 1499.95
0.00733333 1499.98
0.00766667 1499.99
0.008 1499.99
0.00833333 1500
0.00866667 1500
0.009 1500
0.00933333 1500
0.00966667 1500
0.01 1500
