0 1143.67
0.000333333 1189.06
0.000666667 1235.92
0.001 1281.59
0.00133333 1323.94
0.00166667 1361.53
0.002 1393.63
0.00233333 1420.11
0.00266667 1441.31
0.003 1457.8
0.00333333 1470.3
0.00366667 1479.54
0.004 1486.22
0.00433333 1490.93
0.00466667 1494.17
0.005 1496.34
0.00533333 1497.77
0.00566667 1498.68
0.006 1499.24
0.00633333 1499.58
0.00666667 1499.77
0.007 1499.88
0.00733333 1499.94
0.00766667 1499.97
0.008 1499.99
0.00833333 1499.99
0.00866667 1500
0.009 1500
0.00933333 1500
0.00966667 1500
0.01 1500
