0 1002.84
0.000333333 1008.71
0.000666667 1021.58
0.001 1044.71
0.00133333 1079.86
0.00166667 1126.18
0.002 1180.26
0.00233333 1237.3
0.00266667 1292.48
0.003 1342.12
0.00333333 1384.08
0.00366667 1417.72
0.004 1443.46
0.00433333 1462.35
0.00466667 1475.71
0.005 1484.82
0.00533333 1490.82
0.00566667 1494.64
0.006 1496.98
0.00633333 1498.37
0.00666667 1499.16
0.007 1499.58
0.00733333 1499.81
0.00766667 1499.91
0.008 1499.96
0.00833333 1499.99
0.00866667 1499.99
0.009 1500
0.00933333 1500
0.00966667 1500
0.01 1500
