0 1000
0.000333333 1000
0.000666667 1000
0.001 1000.01
0.00133333 1000.11
0.00166667 1000.88
0.002 1004.43
0.00233333 1015.5
0.00266667 1040.42
0.003 1083.4
0.00333333 1142.98
0.00366667 1212.13
0.004 1281.56
0.00433333 1343.55
0.00466667 1393.84
0.005 1431.51
0.00533333 1457.9
0.00566667 1475.31
0.006 1486.2
0.00633333 1492.67
0.00666667 1496.3
0.007 1498.24
0.00733333 1499.22
0.00766667 1499.68
0.008 1499.88
0.00833333 1499.96
0.00866667 1499.99
0.009 1500
0.00933333 1500
0.00966667 1500
0.01 1500
