0 1000
0.000333333 1000
0.000666667 1000
0.001 1000.01
0.00133333 1000.17
0.00166667 1001.47
0.002 1006.99
0.00233333 1022.12
0.00266667 1052.27
0.003 1099.37
0.00333333 1160.15
0.00366667 1227.45
0.004 1293.3
0.00433333 1351.49
0.00466667 1398.7
0.005 1434.29
0.00533333 1459.45
0.00566667 1476.22
0.006 1486.78
0.00633333 1493.06
0.00666667 1496.58
0.007 1498.43
0.00733333 1499.33
0.00766667 1499.74
0.008 1499.91
0.00833333 1499.97
0.00866667 1499.99
0.009 1500
0.00933333 1500
0.00966667 1500
0.01 1500
