0 1008.9
0.000333333 1021.34
0.000666667 1043.33
0.001 1076.51
0.00133333 1120.28
0.00166667 1171.76
0.002 1226.72
0.00233333 1280.72
0.00266667 1330.18
0.003 1372.84
0.00333333 1407.78
0.00366667 1435.14
0.004 1455.71
0.00433333 1470.64
0.00466667 1481.1
0.005 1488.2
0.00533333 1492.86
0.00566667 1495.82
0.006 1497.64
0.00633333 1498.72
0.00666667 1499.33
0.007 1499.67
0.00733333 1499.84
0.00766667 1499.93
0.008 1499.97
0.00833333 1499.99
0.00866667 1500
0.009 1500
0.00933333 1500
0.00966667 1500
0.01 1500
