0 3.08446e+73
0.000333333 -3.13581e+52
0.000666667 1.47927e+34
0.001 2.46006e+16
0.00133333 1331.91
0.00166667 1000
0.002 1000
0.00233333 1000
0.00266667 1000
0.003 1000
0.00333333 1000
0.00366667 1000
0.004 1000
0.00433333 1000
0.00466667 1000
0.005 1000
0.00533333 1000.06
0.00566667 1002.61
0.006 1026.66
0.00633333 1106.65
0.00666667 1233.47
0.007 1353.46
0.00733333 1433.03
0.00766667 1474.04
0.008 1491.44
0.00833333 1497.63
0.00866667 1499.46
0.009 1499.91
0.00933333 1499.99
0.00966667 1500
0.01 1500
