0 -1.58502e+88
0.000333333 3.84745e+65
0.000666667 -3.05012e+45
0.001 -5.48585e+25
0.00133333 -4.49159e+09
0.00166667 1000
0.002 1000
0.00233333 1000
0.00266667 1000
0.003 1000
0.00333333 1000
0.00366667 1000
0.004 1000
0.00433333 1000
0.00466667 1000
0.005 1000
0.00533333 1000.01
0.00566667 1001.05
0.006 1016.01
0.00633333 1081.34
0.00666667 1204.07
0.007 1332.36
0.00733333 1422.13
0.00766667 1469.63
0.008 1489.98
0.00833333 1497.24
0.00866667 1499.38
0.009 1499.89
0.00933333 1499.99
0.00966667 1500
0.01 1500
