0 1215.01
0.000333333 1259.12
0.000666667 1301.13
0.001 1339.49
0.00133333 1373.23
0.00166667 1401.96
0.002 1425.68
0.00233333 1444.77
0.00266667 1459.74
0.003 1471.21
0.00333333 1479.81
0.00366667 1486.12
0.004 1490.66
0.00433333 1493.84
0.00466667 1496.03
0.005 1497.51
0.00533333 1498.47
0.00566667 1499.09
0.006 1499.47
0.00633333 1499.7
0.00666667 1499.84
0.007 1499.92
0.00733333 1499.96
0.00766667 1499.98
0.008 1499.99
0.00833333 1500
0.00866667 1500
0.009 1500
0.00933333 1500
0.00966667 1500
0.01 1500
