0 1026.36
0.000333333 1050.06
0.000666667 1084.09
0.001 1127.47
0.00133333 1177.41
0.00166667 1230.1
0.002 1281.68
0.00233333 1329.05
0.00266667 1370.21
0.003 1404.33
0.00333333 1431.44
0.00366667 1452.19
0.004 1467.55
0.00433333 1478.56
0.00466667 1486.23
0.005 1491.4
0.00533333 1494.79
0.00566667 1496.94
0.006 1498.27
0.00633333 1499.05
0.00666667 1499.5
0.007 1499.75
0.00733333 1499.88
0.00766667 1499.95
0.008 1499.98
0.00833333 1499.99
0.00866667 1500
0.009 1500
0.00933333 1500
0.00966667 1500
0.01 1500
