0 1034.42
0.000333333 1061.7
0.000666667 1098.93
0.001 1144.45
0.00133333 1195.12
0.00166667 1247.15
0.002 1297.01
0.00233333 1342.05
0.00266667 1380.69
0.003 1412.39
0.00333333 1437.4
0.00366667 1456.44
0.004 1470.47
0.00433333 1480.51
0.00466667 1487.48
0.005 1492.18
0.00533333 1495.26
0.00566667 1497.22
0.006 1498.42
0.00633333 1499.14
0.00666667 1499.55
0.007 1499.77
0.00733333 1499.89
0.00766667 1499.95
0.008 1499.98
0.00833333 1499.99
0.00866667 1500
0.009 1500
0.00933333 1500
0.00966667 1500
0.01 1500
