0 1413.55
0.000333333 1431.48
0.000666667 1446.41
0.001 1458.62
0.00133333 1468.47
0.00166667 1476.28
0.002 1482.4
0.00233333 1487.11
0.00266667 1490.7
0.003 1493.38
0.00333333 1495.36
0.00366667 1496.8
0.004 1497.83
0.00433333 1498.56
0.00466667 1499.06
0.005 1499.4
0.00533333 1499.62
0.00566667 1499.77
0.006 1499.86
0.00633333 1499.92
0.00666667 1499.95
0.007 1499.97
0.00733333 1499.99
0.00766667 1499.99
0.008 1500
0.00833333 1500
0.00866667 1500
0.009 1500
0.00933333 1500
0.00966667 1500
0.01 1500
