0 1000.01
0.000333333 1000.12
0.000666667 1000.77
0.001 1003.43
0.00133333 1011.25
0.00166667 1028.74
0.002 1059.86
0.00233333 1105.57
0.00266667 1162.8
0.003 1225.54
0.00333333 1287.16
0.00366667 1342.39
0.004 1388.24
0.00433333 1423.94
0.00466667 1450.22
0.005 1468.64
0.00533333 1480.99
0.00566667 1488.92
0.006 1493.8
0.00633333 1496.68
0.00666667 1498.31
0.007 1499.18
0.00733333 1499.63
0.00766667 1499.84
0.008 1499.94
0.00833333 1499.98
0.00866667 1499.99
0.009 1500
0.00933333 1500
0.00966667 1500
0.01 1500
