0 1178.78
0.000333333 1224.32
0.000666667 1269.33
0.001 1311.68
0.00133333 1349.84
0.00166667 1382.96
0.002 1410.73
0.00233333 1433.34
0.00266667 1451.23
0.003 1465.04
0.00333333 1475.45
0.00366667 1483.11
0.004 1488.63
0.00433333 1492.51
0.00466667 1495.18
0.005 1496.97
0.00533333 1498.15
0.00566667 1498.9
0.006 1499.37
0.00633333 1499.65
0.00666667 1499.81
0.007 1499.9
0.00733333 1499.95
0.00766667 1499.98
0.008 1499.99
0.00833333 1500
0.00866667 1500
0.009 1500
0.00933333 1500
0.00966667 1500
0.01 1500
