0 1000
0.000953759 1000
0.00190752 1000.3
0.00233989 1003.96
0.00253953 1009.41
0.00267627 1015.61
0.00279048 1022.74
0.00289362 1030.92
0.00299119 1040.31
0.00308677 1051.13
0.00318348 1063.72
0.00328484 1078.64
0.00339627 1096.96
0.00353213 1121.7
0.00376917 1169.63
0.00421356 1265.02
0.0044692 1316.33
0.0046352 1346.43
0.00478186 1370.48
0.00492303 1391.21
0.00506492 1409.65
0.00521246 1426.32
0.00537096 1441.53
0.00554775 1455.5
0.00575529 1468.36
0.00602102 1480.22
0.0064264 1491.04
0.00713872 1498.27
0.00809248 1499.9
0.00904624 1500
0.01 1500
