0 1000
0.000333333 1000
0.000666667 1000.02
0.001 1000.22
0.00133333 1001.4
0.00166667 1005.93
0.002 1018.43
0.00233333 1044.33
0.00266667 1086.75
0.003 1143.96
0.00333333 1209.71
0.00366667 1276
0.004 1336.02
0.00433333 1385.73
0.00466667 1423.98
0.005 1451.61
0.00533333 1470.49
0.00566667 1482.77
0.006 1490.38
0.00633333 1494.87
0.00666667 1497.4
0.007 1498.76
0.00733333 1499.44
0.00766667 1499.76
0.008 1499.91
0.00833333 1499.97
0.00866667 1499.99
0.009 1500
0.00933333 1500
0.00966667 1500
0.01 1500
