0 1001.46
0.000333333 1005.15
0.000666667 1014.34
0.001 1032.62
0.00133333 1062.79
0.00166667 1105.25
0.002 1157.51
0.00233333 1214.94
0.00266667 1272.31
0.003 1325.2
0.00333333 1370.75
0.00366667 1407.76
0.004 1436.37
0.00433333 1457.52
0.00466667 1472.55
0.005 1482.83
0.00533333 1489.62
0.00566667 1493.94
0.006 1496.6
0.00633333 1498.16
0.00666667 1499.05
0.007 1499.53
0.00733333 1499.78
0.00766667 1499.9
0.008 1499.96
0.00833333 1499.98
0.00866667 1499.99
0.009 1500
0.00933333 1500
0.00966667 1500
0.01 1500
