0 1000
0.000333333 1000
0.000666667 1000
0.001 1000.01
0.00133333 1000.16
0.00166667 1001.16
0.002 1005.43
0.00233333 1018
0.00266667 1045.07
0.003 1090.16
0.00333333 1151.03
0.00366667 1220.27
0.004 1288.78
0.00433333 1349.3
0.00466667 1398.03
0.005 1434.34
0.00533333 1459.69
0.00566667 1476.38
0.006 1486.8
0.00633333 1492.98
0.00666667 1496.46
0.007 1498.32
0.00733333 1499.25
0.00766667 1499.69
0.008 1499.88
0.00833333 1499.96
0.00866667 1499.99
0.009 1500
0.00933333 1500
0.00966667 1500
0.01 1500
