0 1000.27
0.000333333 1001.36
0.000666667 1005.09
0.001 1014.68
0.00133333 1034.14
0.00166667 1066.48
0.002 1111.87
0.00233333 1167.19
0.00266667 1227.09
0.003 1285.83
0.00333333 1338.83
0.00366667 1383.44
0.004 1418.8
0.00433333 1445.42
0.00466667 1464.58
0.005 1477.8
0.00533333 1486.57
0.00566667 1492.17
0.006 1495.61
0.00633333 1497.64
0.00666667 1498.79
0.007 1499.41
0.00733333 1499.73
0.00766667 1499.88
0.008 1499.95
0.00833333 1499.98
0.00866667 1499.99
0.009 1500
0.00933333 1500
0.00966667 1500
0.01 1500
