0 1000
0.000333333 1000
0.000666667 1000
0.001 1000
0.00133333 1000
0.00166667 1000
0.002 1000.01
0.00233333 1000.23
0.00266667 1001.9
0.003 1009.32
0.00333333 1030.56
0.00366667 1073.18
0.004 1137.38
0.00433333 1214.36
0.00466667 1291.38
0.005 1358.11
0.00533333 1409.65
0.00566667 1445.89
0.006 1469.46
0.00633333 1483.74
0.00666667 1491.86
0.007 1496.18
0.00733333 1498.33
0.00766667 1499.33
0.008 1499.75
0.00833333 1499.92
0.00866667 1499.98
0.009 1499.99
0.00933333 1500
0.00966667 1500
0.01 1500
