0 1000.03
0.000333333 1000.26
0.000666667 1001.41
0.001 1005.44
0.00133333 1015.99
0.00166667 1037.49
0.002 1072.99
0.00233333 1122.15
0.00266667 1180.94
0.003 1243.17
0.00333333 1302.67
0.00366667 1354.94
0.004 1397.71
0.00433333 1430.66
0.00466667 1454.74
0.005 1471.54
0.00533333 1482.76
0.00566667 1489.95
0.006 1494.38
0.00633333 1496.99
0.00666667 1498.46
0.007 1499.25
0.00733333 1499.66
0.00766667 1499.85
0.008 1499.94
0.00833333 1499.98
0.00866667 1499.99
0.009 1500
0.00933333 1500
0.00966667 1500
0.01 1500
