0 1262.85
0.000333333 1303.13
0.000666667 1339.96
0.001 1372.5
0.00133333 1400.38
0.00166667 1423.61
0.002 1442.49
0.00233333 1457.48
0.00266667 1469.12
0.003 1477.97
0.00333333 1484.58
0.00366667 1489.4
0.004 1492.86
0.00433333 1495.29
0.00466667 1496.96
0.005 1498.08
0.00533333 1498.82
0.00566667 1499.29
0.006 1499.59
0.00633333 1499.77
0.00666667 1499.87
0.007 1499.93
0.00733333 1499.97
0.00766667 1499.98
0.008 1499.99
0.00833333 1500
0.00866667 1500
0.009 1500
0.00933333 1500
0.00966667 1500
0.01 1500
