0 1325.24
0.000333333 1357.9
0.000666667 1386.49
0.001 1410.87
0.00133333 1431.17
0.00166667 1447.7
0.002 1460.91
0.00233333 1471.24
0.00266667 1479.19
0.003 1485.19
0.00333333 1489.64
0.00366667 1492.88
0.004 1495.2
0.00433333 1496.83
0.00466667 1497.94
0.005 1498.7
0.00533333 1499.19
0.00566667 1499.51
0.006 1499.71
0.00633333 1499.84
0.00666667 1499.91
0.007 1499.95
0.00733333 1499.98
0.00766667 1499.99
0.008 1499.99
0.00833333 1500
0.00866667 1500
0.009 1500
0.00933333 1500
0.00966667 1500
0.01 1500
