0 1266.74
0.000333333 1306.62
0.000666667 1342.98
0.001 1375.03
0.00133333 1402.44
0.00166667 1425.24
0.002 1443.74
0.00233333 1458.42
0.00266667 1469.81
0.003 1478.47
0.00333333 1484.93
0.00366667 1489.64
0.004 1493.02
0.00433333 1495.4
0.00466667 1497.03
0.005 1498.13
0.00533333 1498.85
0.00566667 1499.31
0.006 1499.6
0.00633333 1499.77
0.00666667 1499.88
0.007 1499.93
0.00733333 1499.97
0.00766667 1499.98
0.008 1499.99
0.00833333 1500
0.00866667 1500
0.009 1500
0.00933333 1500
0.00966667 1500
0.01 1500
