0 1000
0.000333333 1000
0.000666667 1000
0.001 1000
0.00133333 1000
0.00166667 1000
0.002 1000.02
0.00233333 1000.31
0.00266667 1002.36
0.003 1010.89
0.00333333 1034.12
0.00366667 1078.97
0.004 1144.63
0.00433333 1221.75
0.00466667 1297.76
0.005 1362.95
0.00533333 1412.95
0.00566667 1447.96
0.006 1470.64
0.00633333 1484.38
0.00666667 1492.18
0.007 1496.33
0.00733333 1498.39
0.00766667 1499.35
0.008 1499.76
0.00833333 1499.92
0.00866667 1499.98
0.009 1499.99
0.00933333 1500
0.00966667 1500
0.01 1500
