0 1000
0.000333333 1000
0.000666667 1000
0.001 1000
0.00133333 1000.02
0.00166667 1000.3
0.002 1002.32
0.00233333 1010.1
0.00266667 1029.88
0.003 1066.79
0.00333333 1121.11
0.00366667 1187.41
0.004 1257.11
0.00433333 1322.03
0.00466667 1376.75
0.005 1419.15
0.00533333 1449.71
0.00566667 1470.35
0.006 1483.46
0.00633333 1491.3
0.00666667 1495.71
0.007 1498.03
0.00733333 1499.17
0.00766667 1499.68
0.008 1499.89
0.00833333 1499.97
0.00866667 1499.99
0.009 1500
0.00933333 1500
0.00966667 1500
0.01 1500
