0 1000
0.000333333 1000
0.000666667 1000
0.001 1000
0.00133333 1000
0.00166667 1000.01
0.002 1000.16
0.00233333 1001.31
0.00266667 1006.68
0.003 1022.98
0.00333333 1057.75
0.00366667 1113.56
0.004 1184.84
0.00433333 1260.6
0.00466667 1330.15
0.005 1386.93
0.00533333 1429.04
0.00566667 1457.89
0.006 1476.34
0.00633333 1487.43
0.00666667 1493.7
0.007 1497.03
0.00733333 1498.7
0.00766667 1499.47
0.008 1499.8
0.00833333 1499.93
0.00866667 1499.98
0.009 1499.99
0.00933333 1500
0.00966667 1500
0.01 1500
