0 -3.36358e+47
0.000333333 6.95142e+29
0.000666667 -1.451e+15
0.001 970.879
0.00133333 1000
0.00166667 1000
0.002 1000
0.00233333 1000
0.00266667 1000
0.003 1000
0.00333333 1000
0.00366667 1000
0.004 1000
0.00433333 1000
0.00466667 1000
0.005 1000.01
0.00533333 1000.72
0.00566667 1010.99
0.006 1059.78
0.00633333 1163.68
0.00666667 1288.65
0.007 1389.41
0.00733333 1450.73
0.00766667 1481.08
0.008 1493.75
0.00833333 1498.25
0.00866667 1499.6
0.009 1499.93
0.00933333 1499.99
0.00966667 1500
0.01 1500
