0 1000
0.000801002 1000
0.001602 1000
0.00240301 1000
0.00320401 1001.12
0.00358875 1009.63
0.00377526 1020.7
0.00390559 1032.53
0.00401377 1045.3
0.00410955 1058.93
0.00419752 1073.36
0.00428064 1088.6
0.00436135 1104.78
0.0044423 1122.22
0.00452775 1141.75
0.00463107 1166.55
0.00480107 1209.01
0.00521463 1309.67
0.00561242 1387.71
0.0058228 1418.79
0.00597685 1437.17
0.00610604 1449.96
0.00622597 1459.9
0.00634868 1468.36
0.00648866 1476.17
0.00667443 1484
0.00698866 1492.31
0.00759699 1498.55
0.008398 1499.92
0.009199 1500
0.01 1500
