0 1000
0.000787663 1000
0.00157533 1000
0.00236299 1000
0.00315065 1001.41
0.00368755 1020.19
0.00400241 1054.42
0.00422133 1091.52
0.00438956 1126.57
0.00452454 1157.77
0.00463605 1184.86
0.00473077 1208.37
0.00481429 1229.17
0.00489336 1248.71
0.00498681 1271.39
0.00518733 1317.36
0.00549578 1377.73
0.00565096 1402.53
0.00577434 1419.54
0.00588931 1433.32
0.00600249 1445.05
0.00611839 1455.33
0.00624172 1464.51
0.00637875 1472.85
0.00653986 1480.52
0.00674733 1487.64
0.00706581 1494.24
0.00763701 1498.83
0.00842467 1499.93
0.00921234 1500
0.01 1500
