0 1.72333e+63
0.000333333 -2.95307e+43
0.000666667 3.10023e+26
0.001 1.63469e+10
0.00133333 1000.01
0.00166667 1000
0.002 1000
0.00233333 1000
0.00266667 1000
0.003 1000
0.00333333 1000
0.00366667 1000
0.004 1000
0.00433333 1000
0.00466667 1000
0.005 1000
0.00533333 1000.17
0.00566667 1004.71
0.006 1037.17
0.00633333 1127.24
0.00666667 1254.81
0.007 1367.87
0.00733333 1440.25
0.00766667 1476.93
0.008 1492.39
0.00833333 1497.89
0.00866667 1499.52
0.009 1499.91
0.00933333 1499.99
0.00966667 1500
0.01 1500
