0 1000
0.000333333 1000
0.000666667 1000
0.001 1000
0.00133333 1000
0.00166667 1000
0.002 1000.01
0.00233333 1000.12
0.00266667 1001.2
0.003 1006.7
0.00333333 1024.23
0.00366667 1062.33
0.004 1123.26
0.00433333 1199.58
0.00466667 1278.35
0.005 1348.09
0.00533333 1402.75
0.00566667 1441.57
0.006 1466.95
0.00633333 1482.4
0.00666667 1491.19
0.007 1495.87
0.00733333 1498.2
0.00766667 1499.28
0.008 1499.73
0.00833333 1499.91
0.00866667 1499.97
0.009 1499.99
0.00933333 1500
0.00966667 1500
0.01 1500
