0 1366.14
0.000333333 1392.49
0.000666667 1414.99
0.001 1433.8
0.00133333 1449.21
0.00166667 1461.61
0.002 1471.41
0.00233333 1479.03
0.00266667 1484.85
0.003 1489.22
0.00333333 1492.46
0.00366667 1494.81
0.004 1496.5
0.00433333 1497.68
0.00466667 1498.49
0.005 1499.04
0.00533333 1499.4
0.00566667 1499.64
0.006 1499.79
0.00633333 1499.88
0.00666667 1499.93
0.007 1499.96
0.00733333 1499.98
0.00766667 1499.99
0.008 1500
0.00833333 1500
0.00866667 1500
0.009 1500
0.00933333 1500
0.00966667 1500
0.01 1500
