0 1235.14
0.000333333 1277.88
0.000666667 1317.86
0.001 1353.83
0.00133333 1385.11
0.00166667 1411.48
0.002 1433.1
0.00233333 1450.39
0.00266667 1463.9
0.003 1474.22
0.00333333 1481.93
0.00366667 1487.59
0.004 1491.64
0.00433333 1494.49
0.00466667 1496.45
0.005 1497.76
0.00533333 1498.63
0.00566667 1499.18
0.006 1499.52
0.00633333 1499.73
0.00666667 1499.85
0.007 1499.92
0.00733333 1499.96
0.00766667 1499.98
0.008 1499.99
0.00833333 1500
0.00866667 1500
0.009 1500
0.00933333 1500
0.00966667 1500
0.01 1500
