0 1285.82
0.000333333 1323.61
0.000666667 1357.57
0.001 1387.17
0.00133333 1412.24
0.00166667 1432.95
0.002 1449.66
0.00233333 1462.86
0.00266667 1473.07
0.003 1480.81
0.00333333 1486.57
0.00366667 1490.77
0.004 1493.78
0.00433333 1495.9
0.00466667 1497.35
0.005 1498.33
0.00533333 1498.97
0.00566667 1499.38
0.006 1499.64
0.00633333 1499.8
0.00666667 1499.89
0.007 1499.94
0.00733333 1499.97
0.00766667 1499.99
0.008 1499.99
0.00833333 1500
0.00866667 1500
0.009 1500
0.00933333 1500
0.00966667 1500
0.01 1500
