0 1000
0.000333333 1000
0.000666667 1000
0.001 1000
0.00133333 1000
0.00166667 1000.01
0.002 1000.1
0.00233333 1000.94
0.00266667 1005.25
0.003 1019.32
0.00333333 1051.1
0.00366667 1104.37
0.004 1174.6
0.00433333 1251.01
0.00466667 1322.34
0.005 1381.23
0.00533333 1425.26
0.00566667 1455.57
0.006 1475.02
0.00633333 1486.72
0.00666667 1493.34
0.007 1496.87
0.00733333 1498.63
0.00766667 1499.44
0.008 1499.79
0.00833333 1499.93
0.00866667 1499.98
0.009 1499.99
0.00933333 1500
0.00966667 1500
0.01 1500
