0 1000.77
0.000333333 1003.14
0.000666667 1009.74
0.001 1024.21
0.00133333 1050.01
0.00166667 1088.66
0.002 1138.63
0.00233333 1195.71
0.00266667 1254.48
0.003 1309.93
0.00333333 1358.52
0.00366667 1398.53
0.004 1429.74
0.00433333 1452.98
0.00466667 1469.57
0.005 1480.95
0.00533333 1488.48
0.00566667 1493.28
0.006 1496.23
0.00633333 1497.97
0.00666667 1498.95
0.007 1499.49
0.00733333 1499.76
0.00766667 1499.9
0.008 1499.96
0.00833333 1499.98
0.00866667 1499.99
0.009 1500
0.00933333 1500
0.00966667 1500
0.01 1500
