0 3.42282e+40
0.000333333 -7.54625e+23
0.000666667 2.18399e+10
0.001 1000.01
0.00133333 1000
0.00166667 1000
0.002 1000
0.00233333 1000
0.00266667 1000
0.003 1000
0.00333333 1000
0.00366667 1000
0.004 1000
0.00433333 1000
0.00466667 1000
0.005 1000.03
0.00533333 1001.32
0.00566667 1015.68
0.006 1072.96
0.00633333 1181.89
0.00666667 1304.1
0.007 1398.77
0.00733333 1455.18
0.00766667 1482.82
0.008 1494.32
0.00833333 1498.4
0.00866667 1499.63
0.009 1499.93
0.00933333 1499.99
0.00966667 1500
0.01 1500
