0 1000.00000000474
0.0007099096493468554 999.9999996119979
0.001419819298693711 1000.120116767948
0.001662859547390143 1000.685330282806
0.001758522388842025 1001.214903412348
0.001829717363286902 1001.798358524504
0.001916541652120302 1002.801353619966
0.002073037193175871 1005.714625851952
0.00246070254955203 1022.82404825336
0.00290805391040864 1068.879714729135
0.003158825451962705 1108.218000602887
0.003338510985332325 1141.199812162669
0.003486264172964518 1170.395149100259
0.003611929000467907 1196.099490487381
0.003718818943354056 1218.222021849788
0.00381729120438338 1238.557094155972
0.003924082624119526 1260.317894754251
0.004055305940865356 1286.306878835085
0.004217619858165318 1316.799646831885
0.004408110592394742 1349.597419437559
0.004625270982324508 1382.422215113354
0.004870624333265514 1413.32397544925
0.005149629234642798 1440.766617567645
0.005475458814754286 1463.722763180579
0.005882643902545759 1481.692562344241
0.006450451753265675 1493.886172504787
0.007160361402612542 1498.823902087687
0.007870271051959407 1499.848001579324
0.008580180701306271 1499.988573222673
0.009290090350653136 1499.999578905654
0.01 1499.999989472673
