0 1227.11
0.000333333 1270.44
0.000666667 1311.26
0.001 1348.19
0.00133333 1380.46
0.00166667 1407.76
0.002 1430.21
0.00233333 1448.2
0.00266667 1462.28
0.003 1473.05
0.00333333 1481.11
0.00366667 1487.02
0.004 1491.26
0.00433333 1494.24
0.00466667 1496.29
0.005 1497.66
0.00533333 1498.57
0.00566667 1499.14
0.006 1499.5
0.00633333 1499.72
0.00666667 1499.85
0.007 1499.92
0.00733333 1499.96
0.00766667 1499.98
0.008 1499.99
0.00833333 1500
0.00866667 1500
0.009 1500
0.00933333 1500
0.00966667 1500
0.01 1500
