0 1027.86
0.000333333 1052.27
0.000666667 1086.96
0.001 1130.81
0.00133333 1180.94
0.00166667 1233.52
0.002 1284.78
0.00233333 1331.69
0.00266667 1372.36
0.003 1405.98
0.00333333 1432.66
0.00366667 1453.07
0.004 1468.15
0.00433333 1478.97
0.00466667 1486.49
0.005 1491.56
0.00533333 1494.89
0.00566667 1497
0.006 1498.3
0.00633333 1499.07
0.00666667 1499.51
0.007 1499.76
0.00733333 1499.88
0.00766667 1499.95
0.008 1499.98
0.00833333 1499.99
0.00866667 1500
0.009 1500
0.00933333 1500
0.00966667 1500
0.01 1500
