0 1000
0.000333333 1000
0.000666667 1000.01
0.001 1000.14
0.00133333 1000.97
0.00166667 1004.49
0.002 1014.97
0.00233333 1038.04
0.00266667 1077.62
0.003 1132.97
0.00333333 1198.36
0.00366667 1265.66
0.004 1327.51
0.00433333 1379.31
0.00466667 1419.48
0.005 1448.64
0.00533333 1468.65
0.00566667 1481.68
0.006 1489.77
0.00633333 1494.55
0.00666667 1497.24
0.007 1498.68
0.00733333 1499.41
0.00766667 1499.75
0.008 1499.9
0.00833333 1499.97
0.00866667 1499.99
0.009 1500
0.00933333 1500
0.00966667 1500
0.01 1500
