0 1055.12
0.000333333 1089.26
0.000666667 1131.8
0.001 1180.1
0.00133333 1230.74
0.00166667 1280.32
0.002 1326.07
0.00233333 1366.19
0.00266667 1399.83
0.003 1426.96
0.00333333 1448.07
0.00366667 1464
0.004 1475.65
0.00433333 1483.95
0.00466667 1489.69
0.005 1493.56
0.00533333 1496.09
0.00566667 1497.7
0.006 1498.69
0.00633333 1499.28
0.00666667 1499.62
0.007 1499.81
0.00733333 1499.91
0.00766667 1499.96
0.008 1499.98
0.00833333 1499.99
0.00866667 1500
0.009 1500
0.00933333 1500
0.00966667 1500
0.01 1500
