0 1041.95
0.000333333 1072.06
0.000666667 1111.61
0.001 1158.48
0.00133333 1209.37
0.00166667 1260.59
0.002 1308.91
0.00233333 1352.01
0.00266667 1388.63
0.003 1418.46
0.00333333 1441.86
0.00366667 1459.61
0.004 1472.65
0.00433333 1481.96
0.00466667 1488.41
0.005 1492.76
0.00533333 1495.61
0.00566667 1497.42
0.006 1498.53
0.00633333 1499.2
0.00666667 1499.58
0.007 1499.79
0.00733333 1499.9
0.00766667 1499.95
0.008 1499.98
0.00833333 1499.99
0.00866667 1500
0.009 1500
0.00933333 1500
0.00966667 1500
0.01 1500
