0 1070.53
0.000333333 1108.29
0.000666667 1153.13
0.001 1202.1
0.00133333 1251.86
0.00166667 1299.37
0.002 1342.34
0.00233333 1379.44
0.00266667 1410.18
0.003 1434.74
0.00333333 1453.73
0.00366667 1467.98
0.004 1478.37
0.00433333 1485.75
0.00466667 1490.85
0.005 1494.28
0.00533333 1496.52
0.00566667 1497.95
0.006 1498.83
0.00633333 1499.36
0.00666667 1499.66
0.007 1499.83
0.00733333 1499.92
0.00766667 1499.96
0.008 1499.98
0.00833333 1499.99
0.00866667 1500
0.009 1500
0.00933333 1500
0.00966667 1500
0.01 1500
