0 1.42766e+52
0.000333333 -6.71598e+33
0.000666667 2.72306e+18
0.001 9624.04
0.00133333 1000
0.00166667 1000
0.002 1000
0.00233333 1000
0.00266667 1000
0.003 1000
0.00333333 1000
0.00366667 1000
0.004 1000
0.00433333 1000
0.00466667 1000
0.005 1000.01
0.00533333 1000.48
0.00566667 1008.62
0.006 1052.18
0.00633333 1152.32
0.00666667 1278.56
0.007 1383.13
0.00733333 1447.72
0.00766667 1479.89
0.008 1493.36
0.00833333 1498.15
0.00866667 1499.57
0.009 1499.92
0.00933333 1499.99
0.00966667 1500
0.01 1500
