0 1005.19
0.000333333 1013.97
0.000666667 1031.16
0.001 1059.35
0.00133333 1099.11
0.00166667 1148.47
0.002 1203.44
0.00233333 1259.3
0.00266667 1311.81
0.003 1358.01
0.00333333 1396.42
0.00366667 1426.83
0.004 1449.89
0.00433333 1466.71
0.00466667 1478.55
0.005 1486.6
0.00533333 1491.9
0.00566667 1495.26
0.006 1497.33
0.00633333 1498.56
0.00666667 1499.25
0.007 1499.63
0.00733333 1499.83
0.00766667 1499.92
0.008 1499.97
0.00833333 1499.99
0.00866667 1500
0.009 1500
0.00933333 1500
0.00966667 1500
0.01 1500
