0 1164.801271854434
5.684494671114502e-05 986.1514736231702
0.0002724152602598841 1001.070181279008
0.0006198290009648914 999.9987376891204
0.0009672427416698984 1000.000000496161
0.001314656482374906 999.9999999945603
0.001662070223079913 1000.000000000214
0.00200948396378492 999.9999999999991
0.002356897704489927 999.9999999999997
0.002704311445194934 1000
0.00305172518589994 1000.000000000089
0.003399138926604947 1000.00007633659
0.003746552667309953 1000.028382087337
0.004093966408014959 1000.948268148449
0.004441380148719964 1009.126103603922
0.00478879388942497 1040.605814225057
0.005136207630129975 1108.248804169693
0.00548362137083498 1203.648725997078
0.005831035111539985 1302.276700698204
0.006178448852244989 1383.014363061784
0.006525862592949992 1438.191397263571
0.006873276333654996 1470.757034356658
0.007220690074359999 1487.658895217449
0.007568103815065 1495.408055971067
0.007915517555770002 1498.523299017763
0.008262931296475004 1499.601292808724
0.008610345037180004 1499.913081647373
0.008957758777885004 1499.985438282654
0.009305172518590003 1499.998221316439
0.009652586259295002 1499.999842175964
0.01 1499.999985823199
