0 1.08966e+78
0.000333333 -3.36621e+56
0.000666667 4.30577e+37
0.001 1.68166e+19
0.00133333 45072.9
0.00166667 1000
0.002 1000
0.00233333 1000
0.00266667 1000
0.003 1000
0.00333333 1000
0.00366667 1000
0.004 1000
0.00433333 1000
0.00466667 1000
0.005 1000
0.00533333 1000.04
0.00566667 1001.99
0.006 1022.87
0.00633333 1098.31
0.00666667 1224.21
0.007 1346.98
0.00733333 1429.72
0.00766667 1472.71
0.008 1491
0.00833333 1497.51
0.00866667 1499.44
0.009 1499.9
0.00933333 1499.99
0.00966667 1500
0.01 1500
