0 1270.6
0.000333333 1310.08
0.000666667 1345.97
0.001 1377.53
0.00133333 1404.46
0.00166667 1426.83
0.002 1444.97
0.00233333 1459.34
0.00266667 1470.48
0.003 1478.96
0.00333333 1485.27
0.00366667 1489.88
0.004 1493.18
0.00433333 1495.5
0.00466667 1497.1
0.005 1498.17
0.00533333 1498.87
0.00566667 1499.32
0.006 1499.61
0.00633333 1499.78
0.00666667 1499.88
0.007 1499.94
0.00733333 1499.97
0.00766667 1499.98
0.008 1499.99
0.00833333 1500
0.00866667 1500
0.009 1500
0.00933333 1500
0.00966667 1500
0.01 1500
