0 1000
0.000333333 1000.01
0.000666667 1000.08
0.001 1000.6
0.00133333 1002.98
0.00166667 1010.53
0.002 1028.29
0.00233333 1060.8
0.00266667 1109.11
0.003 1169.56
0.00333333 1235.19
0.00366667 1298.6
0.004 1354.23
0.00433333 1399.28
0.00466667 1433.39
0.005 1457.77
0.00533333 1474.31
0.00566667 1485.01
0.006 1491.63
0.00633333 1495.53
0.00666667 1497.73
0.007 1498.91
0.00733333 1499.51
0.00766667 1499.79
0.008 1499.92
0.00833333 1499.97
0.00866667 1499.99
0.009 1500
0.00933333 1500
0.00966667 1500
0.01 1500
