0 1210.97
0.000333333 1255.31
0.000666667 1297.7
0.001 1336.52
0.00133333 1370.76
0.00166667 1399.96
0.002 1424.13
0.00233333 1443.58
0.00266667 1458.86
0.003 1470.57
0.00333333 1479.36
0.00366667 1485.81
0.004 1490.45
0.00433333 1493.71
0.00466667 1495.95
0.005 1497.45
0.00533333 1498.44
0.00566667 1499.07
0.006 1499.46
0.00633333 1499.7
0.00666667 1499.84
0.007 1499.91
0.00733333 1499.96
0.00766667 1499.98
0.008 1499.99
0.00833333 1500
0.00866667 1500
0.009 1500
0.00933333 1500
0.00966667 1500
0.01 1500
