0 1000.18
0.000333333 1001.01
0.000666667 1004.02
0.001 1012.24
0.00133333 1029.72
0.00166667 1059.86
0.002 1103.46
0.00233333 1157.86
0.00266667 1217.86
0.003 1277.51
0.00333333 1331.92
0.00366667 1378.07
0.004 1414.87
0.00433333 1442.69
0.00466667 1462.77
0.005 1476.65
0.00533333 1485.87
0.00566667 1491.76
0.006 1495.39
0.00633333 1497.52
0.00666667 1498.73
0.007 1499.38
0.00733333 1499.71
0.00766667 1499.88
0.008 1499.95
0.00833333 1499.98
0.00866667 1499.99
0.009 1500
0.00933333 1500
0.00966667 1500
0.01 1500
