0 1000.55
0.000333333 1002.41
0.000666667 1007.92
0.001 1020.64
0.00133333 1044.29
0.00166667 1080.89
0.002 1129.47
0.00233333 1186.14
0.00266667 1245.42
0.003 1302.05
0.00333333 1352.14
0.00366667 1393.66
0.004 1426.23
0.00433333 1450.56
0.00466667 1467.97
0.005 1479.95
0.00533333 1487.87
0.00566667 1492.93
0.006 1496.03
0.00633333 1497.86
0.00666667 1498.9
0.007 1499.46
0.00733333 1499.75
0.00766667 1499.89
0.008 1499.96
0.00833333 1499.98
0.00866667 1499.99
0.009 1500
0.00933333 1500
0.00966667 1500
0.01 1500
