0 1018.58
0.000333333 1038.04
0.000666667 1067.92
0.001 1108.15
0.00133333 1156.56
0.00166667 1209.45
0.002 1262.69
0.00233333 1312.67
0.00266667 1356.85
0.003 1393.94
0.00333333 1423.7
0.00366667 1446.65
0.004 1463.72
0.00433333 1476.01
0.00466667 1484.58
0.005 1490.37
0.00533333 1494.17
0.00566667 1496.58
0.006 1498.07
0.00633333 1498.95
0.00666667 1499.45
0.007 1499.73
0.00733333 1499.87
0.00766667 1499.94
0.008 1499.97
0.00833333 1499.99
0.00866667 1500
0.009 1500
0.00933333 1500
0.00966667 1500
0.01 1500
