0 1000.96
0.000333333 1003.72
0.000666667 1011.12
0.001 1026.82
0.00133333 1054.08
0.00166667 1094.04
0.002 1144.85
0.00233333 1202.12
0.00266667 1260.47
0.003 1315.09
0.00333333 1362.68
0.00366667 1401.68
0.004 1432.01
0.00433333 1454.54
0.00466667 1470.59
0.005 1481.6
0.00533333 1488.87
0.00566667 1493.51
0.006 1496.36
0.00633333 1498.04
0.00666667 1498.99
0.007 1499.5
0.00733333 1499.77
0.00766667 1499.9
0.008 1499.96
0.00833333 1499.98
0.00866667 1499.99
0.009 1500
0.00933333 1500
0.00966667 1500
0.01 1500
