0 1000
0.000333333 1000
0.000666667 1000
0.001 1000
0.00133333 1000.01
0.00166667 1000.15
0.002 1001.2
0.00233333 1005.9
0.00266667 1020.03
0.003 1050.45
0.00333333 1100.43
0.00366667 1166.33
0.004 1239.05
0.00433333 1308.58
0.00466667 1367.78
0.005 1413.64
0.00533333 1446.49
0.00566667 1468.49
0.006 1482.36
0.00633333 1490.63
0.00666667 1495.29
0.007 1497.77
0.00733333 1499.01
0.00766667 1499.59
0.008 1499.85
0.00833333 1499.95
0.00866667 1499.98
0.009 1500
0.00933333 1500
0.00966667 1500
0.01 1500
