0 1000.09
0.000333333 1000.59
0.000666667 1002.65
0.001 1008.88
0.00133333 1023.25
0.00166667 1049.74
0.002 1090.12
0.00233333 1142.63
0.00266667 1202.43
0.003 1263.39
0.00333333 1320.04
0.00366667 1368.76
0.004 1408.01
0.00433333 1437.9
0.00466667 1459.58
0.005 1474.62
0.00533333 1484.64
0.00566667 1491.05
0.006 1494.99
0.00633333 1497.31
0.00666667 1498.62
0.007 1499.33
0.00733333 1499.69
0.00766667 1499.87
0.008 1499.95
0.00833333 1499.98
0.00866667 1499.99
0.009 1500
0.00933333 1500
0.00966667 1500
0.01 1500
