0 1278.26
0.000333333 1316.91
0.000666667 1351.84
0.001 1382.42
0.00133333 1408.41
0.00166667 1429.94
0.002 1447.36
0.00233333 1461.13
0.00266667 1471.8
0.003 1479.9
0.00333333 1485.93
0.00366667 1490.34
0.004 1493.49
0.00433333 1495.7
0.00466667 1497.22
0.005 1498.25
0.00533333 1498.92
0.00566667 1499.35
0.006 1499.62
0.00633333 1499.79
0.00666667 1499.88
0.007 1499.94
0.00733333 1499.97
0.00766667 1499.98
0.008 1499.99
0.00833333 1500
0.00866667 1500
0.009 1500
0.00933333 1500
0.00966667 1500
0.01 1500
