0 1000
0.000333333 1000
0.000666667 1000
0.001 1000
0.00133333 1000.02
0.00166667 1000.21
0.002 1001.54
0.00233333 1007.11
0.00266667 1022.92
0.003 1055.57
0.00333333 1107.5
0.00366667 1174.31
0.004 1246.71
0.00433333 1315.04
0.00466667 1372.67
0.005 1417.03
0.00533333 1448.67
0.00566667 1469.8
0.006 1483.1
0.00633333 1491.02
0.00666667 1495.48
0.007 1497.86
0.00733333 1499.05
0.00766667 1499.61
0.008 1499.85
0.00833333 1499.95
0.00866667 1499.98
0.009 1500
0.00933333 1500
0.00966667 1500
0.01 1500
