0 1159.05
0.000333333 1204.72
0.000666667 1250.92
0.001 1295.22
0.00133333 1335.75
0.00166667 1371.35
0.002 1401.5
0.00233333 1426.22
0.00266667 1445.9
0.003 1461.16
0.00333333 1472.69
0.00366667 1481.2
0.004 1487.34
0.00433333 1491.66
0.00466667 1494.64
0.005 1496.64
0.00533333 1497.95
0.00566667 1498.78
0.006 1499.3
0.00633333 1499.61
0.00666667 1499.79
0.007 1499.89
0.00733333 1499.95
0.00766667 1499.97
0.008 1499.99
0.00833333 1500
0.00866667 1500
0.009 1500
0.00933333 1500
0.00966667 1500
0.01 1500
