0 1000
0.000333333 1000
0.000666667 1000
0.001 1000
0.00133333 1000
0.00166667 1000.03
0.002 1000.36
0.00233333 1002.43
0.00266667 1010.5
0.003 1031.76
0.00333333 1072.52
0.00366667 1132.88
0.004 1205.49
0.00433333 1279.4
0.00466667 1345.18
0.005 1397.73
0.00533333 1436.16
0.00566667 1462.23
0.006 1478.82
0.00633333 1488.74
0.00666667 1494.35
0.007 1497.34
0.00733333 1498.83
0.00766667 1499.52
0.008 1499.82
0.00833333 1499.94
0.00866667 1499.98
0.009 1499.99
0.00933333 1500
0.00966667 1500
0.01 1500
