0 1000
0.000333333 1000
0.000666667 1000.01
0.001 1000.12
0.00133333 1000.88
0.00166667 1004.18
0.002 1014.19
0.00233333 1036.56
0.00266667 1075.42
0.003 1130.27
0.00333333 1195.53
0.00366667 1263.04
0.004 1325.34
0.00433333 1377.67
0.00466667 1418.32
0.005 1447.88
0.00533333 1468.17
0.00566667 1481.4
0.006 1489.61
0.00633333 1494.47
0.00666667 1497.2
0.007 1498.66
0.00733333 1499.4
0.00766667 1499.75
0.008 1499.9
0.00833333 1499.97
0.00866667 1499.99
0.009 1500
0.00933333 1500
0.00966667 1500
0.01 1500
