0 1000.02
0.000333333 1000.2
0.000666667 1001.16
0.001 1004.69
0.00133333 1014.27
0.00166667 1034.4
0.002 1068.45
0.00233333 1116.51
0.00266667 1174.85
0.003 1237.31
0.00333333 1297.56
0.00366667 1350.83
0.004 1394.62
0.00433333 1428.47
0.00466667 1453.27
0.005 1470.6
0.00533333 1482.18
0.00566667 1489.62
0.006 1494.19
0.00633333 1496.89
0.00666667 1498.41
0.007 1499.23
0.00733333 1499.65
0.00766667 1499.85
0.008 1499.94
0.00833333 1499.98
0.00866667 1499.99
0.009 1500
0.00933333 1500
0.00966667 1500
0.01 1500
