0 1005.63
0.000333333 1014.89
0.000666667 1032.74
0.001 1061.65
0.00133333 1102.03
0.00166667 1151.75
0.002 1206.77
0.00233333 1262.4
0.00266667 1314.5
0.003 1360.2
0.00333333 1398.11
0.00366667 1428.07
0.004 1450.76
0.00433333 1467.3
0.00466667 1478.93
0.005 1486.84
0.00533333 1492.04
0.00566667 1495.35
0.006 1497.38
0.00633333 1498.58
0.00666667 1499.26
0.007 1499.64
0.00733333 1499.83
0.00766667 1499.92
0.008 1499.97
0.00833333 1499.99
0.00866667 1500
0.009 1500
0.00933333 1500
0.00966667 1500
0.01 1500
