0 1189.42
6.23053e-05 1197.65
0.000404984 1243
0.000747664 1286.85
0.00109034 1327.4
0.00143302 1363.48
0.0017757 1394.45
0.00211838 1420.22
0.00246106 1441.03
0.00280374 1457.38
0.00314642 1469.9
0.0034891 1479.24
0.00383178 1486.03
0.00417445 1490.84
0.00451713 1494.16
0.00485981 1496.38
0.00520249 1497.83
0.00554517 1498.75
0.00588785 1499.3
0.00623053 1499.63
0.00657321 1499.81
0.00691589 1499.91
0.00725857 1499.96
0.00760125 1499.98
0.00794393 1499.99
0.0082866 1500
0.00862928 1500
0.00897196 1500
0.00931464 1500
0.00965732 1500
0.01 1500
