0 1.74541e+84
0.000333333 -1.12043e+62
0.000666667 2.56966e+42
0.001 1.49557e+23
0.00133333 4.5841e+07
0.00166667 1000
0.002 1000
0.00233333 1000
0.00266667 1000
0.003 1000
0.00333333 1000
0.00366667 1000
0.004 1000
0.00433333 1000
0.00466667 1000
0.005 1000
0.00533333 1000.02
0.00566667 1001.35
0.006 1018.44
0.00633333 1087.67
0.00666667 1211.83
0.007 1338.08
0.00733333 1425.12
0.00766667 1470.85
0.008 1490.39
0.00833333 1497.35
0.00866667 1499.41
0.009 1499.9
0.00933333 1499.99
0.00966667 1500
0.01 1500
