0 1354.306486342688
6.230529595015642e-05 1359.735227528923
0.0004049844236760167 1387.312673298766
0.000747663551401877 1410.982927116035
0.001090342679127737 1430.849914189817
0.001433021806853598 1447.177087131025
0.001775700934579458 1460.32800902415
0.002118380062305318 1470.716228485752
0.002461059190031178 1478.766385709576
0.002803738317757038 1484.886444877327
0.003146417445482898 1489.449753709881
0.003489096573208757 1492.785092910674
0.003831775700934616 1495.17278372833
0.004174454828660475 1496.84508623506
0.004517133956386334 1497.989406606887
0.004859813084112193 1498.753148396363
0.00520249221183805 1499.249339011455
0.005545171339563907 1499.562414687659
0.005887850467289764 1499.75374915059
0.00623052959501562 1499.866666545271
0.006573208722741476 1499.93079573825
0.006915887850467331 1499.965709039099
0.007258566978193185 1499.983850763968
0.00760124610591904 1499.992805036774
0.007943925233644893 1499.996981223583
0.008286604361370745 1499.998811668503
0.008629283489096598 1499.999561676476
0.008971962616822449 1499.999847763259
0.0093146417445483 1499.999949253617
0.009657320872274151 1499.999982960357
0.01 1499.999993683604
