0 1105.379102035371
6.230529595015642e-05 1112.859059150577
0.0004049844236760167 1157.278782952377
0.000747663551401877 1205.128996967602
0.001090342679127737 1253.417063986604
0.001433021806853598 1299.480826637456
0.001775700934579458 1341.320460082844
0.002118380062305318 1377.715958304799
0.002461059190031178 1408.176728308652
0.002803738317757038 1432.792962679708
0.003146417445482898 1452.052608477559
0.003489096573208757 1466.668384835689
0.003831775700934616 1477.438350963771
0.004174454828660475 1485.14720071129
0.004517133956386334 1490.505398774097
0.004859813084112193 1494.118584918413
0.00520249221183805 1496.478602508866
0.005545171339563907 1497.96839885123
0.005887850467289764 1498.874706317266
0.00623052959501562 1499.40414570641
0.006573208722741476 1499.699872118708
0.006915887850467331 1499.857016579191
0.007258566978193185 1499.935989020307
0.00760124610591904 1499.973266977984
0.007943925233644893 1499.989666939785
0.008286604361370745 1499.99633293389
0.008629283489096598 1499.998813016652
0.008971962616822449 1499.999650000397
0.0093146417445483 1499.999904600344
0.009657320872274151 1499.999974580094
0.01 1499.999992420324
