0 1411.97
6.23053e-05 1415.54
0.000404984 1433.28
0.000747664 1448.04
0.00109034 1460.12
0.00143302 1469.83
0.0017757 1477.53
0.00211838 1483.52
0.00246106 1488.11
0.00280374 1491.57
0.00314642 1494.13
0.0034891 1496
0.00383178 1497.32
0.00417445 1498.25
0.00451713 1498.88
0.00485981 1499.3
0.00520249 1499.58
0.00554517 1499.75
0.00588785 1499.86
0.00623053 1499.92
0.00657321 1499.96
0.00691589 1499.98
0.00725857 1499.99
0.00760125 1500
0.00794393 1500
0.0082866 1500
0.00862928 1500
0.00897196 1500
0.00931464 1500
0.00965732 1500
0.01 1500
