0 -5.87696e+69
0.000333333 1.62632e+49
0.000666667 -2.3015e+31
0.001 -1.29886e+14
0.00133333 992.994
0.00166667 1000
0.002 1000
0.00233333 1000
0.00266667 1000
0.003 1000
0.00333333 1000
0.00366667 1000
0.004 1000
0.00433333 1000
0.00466667 1000
0.005 1000
0.00533333 1000.09
0.00566667 1003.24
0.006 1030.14
0.00633333 1113.83
0.00666667 1241.14
0.007 1358.72
0.00733333 1435.68
0.00766667 1475.11
0.008 1491.79
0.00833333 1497.72
0.00866667 1499.48
0.009 1499.91
0.00933333 1499.99
0.00966667 1500
0.01 1500
