0 1000
0.000333333 1000.02
0.000666667 1000.18
0.001 1001.1
0.00133333 1004.71
0.00166667 1014.88
0.002 1036.62
0.00233333 1073.53
0.00266667 1125.25
0.003 1187.09
0.00333333 1251.97
0.00366667 1313.05
0.004 1365.63
0.00433333 1407.64
0.00466667 1439.14
0.005 1461.5
0.00533333 1476.61
0.00566667 1486.36
0.006 1492.38
0.00633333 1495.93
0.00666667 1497.93
0.007 1499
0.00733333 1499.55
0.00766667 1499.81
0.008 1499.92
0.00833333 1499.97
0.00866667 1499.99
0.009 1500
0.00933333 1500
0.00966667 1500
0.01 1500
