0 1002.6
0.000333333 1008.11
0.000666667 1020.41
0.001 1042.83
0.00133333 1077.28
0.00166667 1123.1
0.002 1176.98
0.00233333 1234.12
0.00266667 1289.65
0.003 1339.76
0.00333333 1382.24
0.00366667 1416.35
0.004 1442.49
0.00433333 1461.69
0.00466667 1475.28
0.005 1484.55
0.00533333 1490.66
0.00566667 1494.54
0.006 1496.93
0.00633333 1498.34
0.00666667 1499.14
0.007 1499.58
0.00733333 1499.8
0.00766667 1499.91
0.008 1499.96
0.00833333 1499.99
0.00866667 1499.99
0.009 1500
0.00933333 1500
0.00966667 1500
0.01 1500
