0 1000
0.000333333 1000
0.000666667 1000.04
0.001 1000.35
0.00133333 1001.98
0.00166667 1007.72
0.002 1022.44
0.00233333 1051.25
0.00266667 1096.39
0.003 1155.21
0.00333333 1221.06
0.00366667 1286.17
0.004 1344.27
0.00433333 1391.91
0.00466667 1428.29
0.005 1454.43
0.00533333 1472.24
0.00566667 1483.8
0.006 1490.95
0.00633333 1495.18
0.00666667 1497.56
0.007 1498.83
0.00733333 1499.47
0.00766667 1499.78
0.008 1499.91
0.00833333 1499.97
0.00866667 1499.99
0.009 1500
0.00933333 1500
0.00966667 1500
0.01 1500
