0 1031.02
0.000333333 1056.87
0.000666667 1092.85
0.001 1137.57
0.00133333 1188.01
0.00166667 1240.35
0.002 1290.94
0.00233333 1336.92
0.00266667 1376.57
0.003 1409.23
0.00333333 1435.07
0.00366667 1454.78
0.004 1469.33
0.00433333 1479.75
0.00466667 1486.99
0.005 1491.88
0.00533333 1495.08
0.00566667 1497.11
0.006 1498.36
0.00633333 1499.1
0.00666667 1499.53
0.007 1499.76
0.00733333 1499.89
0.00766667 1499.95
0.008 1499.98
0.00833333 1499.99
0.00866667 1500
0.009 1500
0.00933333 1500
0.00966667 1500
0.01 1500
