0 1162.96
0.000333333 1208.64
0.000666667 1254.63
0.001 1298.56
0.00133333 1338.63
0.00166667 1373.74
0.002 1403.4
0.00233333 1427.69
0.00266667 1447.01
0.003 1461.96
0.00333333 1473.26
0.00366667 1481.6
0.004 1487.61
0.00433333 1491.84
0.00466667 1494.75
0.005 1496.71
0.00533333 1497.99
0.00566667 1498.81
0.006 1499.31
0.00633333 1499.62
0.00666667 1499.79
0.007 1499.89
0.00733333 1499.95
0.00766667 1499.97
0.008 1499.99
0.00833333 1500
0.00866667 1500
0.009 1500
0.00933333 1500
0.00966667 1500
0.01 1500
