0 1076.15
0.000333333 1115
0.000666667 1160.45
0.001 1209.48
0.00133333 1258.81
0.00166667 1305.54
0.002 1347.56
0.00233333 1383.65
0.00266667 1413.45
0.003 1437.19
0.00333333 1455.5
0.00366667 1469.22
0.004 1479.22
0.00433333 1486.31
0.00466667 1491.21
0.005 1494.5
0.00533333 1496.66
0.00566667 1498.03
0.006 1498.88
0.00633333 1499.38
0.00666667 1499.67
0.007 1499.83
0.00733333 1499.92
0.00766667 1499.96
0.008 1499.98
0.00833333 1499.99
0.00866667 1500
0.009 1500
0.00933333 1500
0.00966667 1500
0.01 1500
