0 1000
0.000333333 1000
0.000666667 1000
0.001 1000
0.00133333 1000
0.00166667 1000.02
0.002 1000.22
0.00233333 1001.66
0.00266667 1007.96
0.003 1026.04
0.00333333 1063.06
0.00366667 1120.67
0.004 1192.56
0.00433333 1267.71
0.00466667 1335.88
0.005 1391.07
0.00533333 1431.78
0.00566667 1459.57
0.006 1477.3
0.00633333 1487.94
0.00666667 1493.95
0.007 1497.15
0.00733333 1498.75
0.00766667 1499.49
0.008 1499.81
0.00833333 1499.94
0.00866667 1499.98
0.009 1499.99
0.00933333 1500
0.00966667 1500
0.01 1500
