0 1000
0.000333333 1000
0.000666667 1000
0.001 1000.04
0.00133333 1000.39
0.00166667 1002.27
0.002 1009
0.00233333 1026.13
0.00266667 1059.09
0.003 1109.43
0.00333333 1173.02
0.00366667 1241.84
0.004 1307.49
0.00433333 1363.97
0.00466667 1408.6
0.005 1441.43
0.00533333 1464.14
0.00566667 1479.02
0.006 1488.28
0.00633333 1493.76
0.00666667 1496.85
0.007 1498.5
0.00733333 1499.33
0.00766667 1499.72
0.008 1499.89
0.00833333 1499.96
0.00866667 1499.99
0.009 1500
0.00933333 1500
0.00966667 1500
0.01 1500
