0 1293.27
0.000333333 1330.17
0.000666667 1363.16
0.001 1391.78
0.00133333 1415.95
0.00166667 1435.86
0.002 1451.88
0.00233333 1464.52
0.00266667 1474.28
0.003 1481.68
0.00333333 1487.18
0.00366667 1491.19
0.004 1494.07
0.00433333 1496.08
0.00466667 1497.47
0.005 1498.4
0.00533333 1499.01
0.00566667 1499.41
0.006 1499.65
0.00633333 1499.8
0.00666667 1499.89
0.007 1499.94
0.00733333 1499.97
0.00766667 1499.99
0.008 1499.99
0.00833333 1500
0.00866667 1500
0.009 1500
0.00933333 1500
0.00966667 1500
0.01 1500
