0 1.69475e+56
0.000333333 -2.27659e+37
0.000666667 2.31165e+21
0.001 1.54667e+06
0.00133333 1000
0.00166667 1000
0.002 1000
0.00233333 1000
0.00266667 1000
0.003 1000
0.00333333 1000
0.00366667 1000
0.004 1000
0.00433333 1000
0.00466667 1000
0.005 1000
0.00533333 1000.33
0.00566667 1006.93
0.006 1046.17
0.00633333 1142.75
0.00666667 1269.75
0.007 1377.56
0.00733333 1445.01
0.00766667 1478.82
0.008 1493.01
0.00833333 1498.05
0.00866667 1499.55
0.009 1499.92
0.00933333 1499.99
0.00966667 1500
0.01 1500
