0 1000.01
0.000333333 1000.08
0.000666667 1000.56
0.001 1002.69
0.00133333 1009.33
0.00166667 1024.95
0.002 1053.86
0.00233333 1097.68
0.00266667 1153.88
0.003 1216.67
0.00333333 1279.21
0.00366667 1335.87
0.004 1383.28
0.00433333 1420.39
0.00466667 1447.82
0.005 1467.1
0.00533333 1480.05
0.00566667 1488.37
0.006 1493.5
0.00633333 1496.52
0.00666667 1498.23
0.007 1499.14
0.00733333 1499.61
0.00766667 1499.83
0.008 1499.93
0.00833333 1499.98
0.00866667 1499.99
0.009 1500
0.00933333 1500
0.00966667 1500
0.01 1500
