0 1490.5
6.23053e-05 1490.93
0.000404984 1493
0.000747664 1494.66
0.00109034 1495.97
0.00143302 1496.99
0.0017757 1497.78
0.00211838 1498.38
0.00246106 1498.84
0.00280374 1499.18
0.00314642 1499.42
0.0034891 1499.6
0.00383178 1499.73
0.00417445 1499.82
0.00451713 1499.88
0.00485981 1499.93
0.00520249 1499.95
0.00554517 1499.97
0.00588785 1499.98
0.00623053 1499.99
0.00657321 1499.99
0.00691589 1500
0.00725857 1500
0.00760125 1500
0.00794393 1500
0.0082866 1500
0.00862928 1500
0.00897196 1500
0.00931464 1500
0.00965732 1500
0.01 1500
