0 7.37784e+36
0.000333333 -6.05234e+20
0.000666667 7.57565e+07
0.001 1000
0.00133333 1000
0.00166667 1000
0.002 1000
0.00233333 1000
0.00266667 1000
0.003 1000
0.00333333 1000
0.00366667 1000
0.004 1000
0.00433333 1000
0.00466667 1000
0.005 1000.05
0.00533333 1001.8
0.00566667 1018.8
0.006 1080.76
0.00633333 1191.93
0.00666667 1312.28
0.007 1403.62
0.00733333 1457.46
0.00766667 1483.71
0.008 1494.61
0.00833333 1498.48
0.00866667 1499.65
0.009 1499.93
0.00933333 1499.99
0.00966667 1500
0.01 1500
