0 1467.86
6.23053e-05 1469.27
0.000404984 1476.12
0.000747664 1481.66
0.00109034 1486.09
0.00143302 1489.58
0.0017757 1492.3
0.00211838 1494.38
0.00246106 1495.97
0.00280374 1497.15
0.00314642 1498.02
0.0034891 1498.64
0.00383178 1499.09
0.00417445 1499.4
0.00451713 1499.62
0.00485981 1499.76
0.00520249 1499.85
0.00554517 1499.91
0.00588785 1499.95
0.00623053 1499.97
0.00657321 1499.98
0.00691589 1499.99
0.00725857 1500
0.00760125 1500
0.00794393 1500
0.0082866 1500
0.00862928 1500
0.00897196 1500
0.00931464 1500
0.00965732 1500
0.01 1500
