0 3.11472e+49
0.000333333 -3.40533e+31
0.000666667 3.51067e+16
0.001 1317.96
0.00133333 1000
0.00166667 1000
0.002 1000
0.00233333 1000
0.00266667 1000
0.003 1000
0.00333333 1000
0.00366667 1000
0.004 1000
0.00433333 1000
0.00466667 1000
0.005 1000.01
0.00533333 1000.61
0.00566667 1009.92
0.006 1056.45
0.00633333 1158.79
0.00666667 1284.35
0.007 1386.75
0.00733333 1449.46
0.00766667 1480.58
0.008 1493.58
0.00833333 1498.21
0.00866667 1499.59
0.009 1499.92
0.00933333 1499.99
0.00966667 1500
0.01 1500
