0 1477.91
0.000333333 1482.76
0.000666667 1486.67
0.001 1489.8
0.00133333 1492.27
0.00166667 1494.2
0.002 1495.7
0.00233333 1496.84
0.00266667 1497.71
0.003 1498.36
0.00333333 1498.84
0.00366667 1499.19
0.004 1499.44
0.00433333 1499.62
0.00466667 1499.75
0.005 1499.84
0.00533333 1499.89
0.00566667 1499.93
0.006 1499.96
0.00633333 1499.97
0.00666667 1499.98
0.007 1499.99
0.00733333 1499.99
0.00766667 1500
0.008 1500
0.00833333 1500
0.00866667 1500
0.009 1500
0.00933333 1500
0.00966667 1500
0.01 1500
