0 1491.26
0.000333333 1493.19
0.000666667 1494.74
0.001 1495.97
0.00133333 1496.94
0.00166667 1497.69
0.002 1498.28
0.00233333 1498.73
0.00266667 1499.07
0.003 1499.33
0.00333333 1499.52
0.00366667 1499.66
0.004 1499.77
0.00433333 1499.84
0.00466667 1499.89
0.005 1499.93
0.00533333 1499.95
0.00566667 1499.97
0.006 1499.98
0.00633333 1499.99
0.00666667 1499.99
0.007 1500
0.00733333 1500
0.00766667 1500
0.008 1500
0.00833333 1500
0.00866667 1500
0.009 1500
0.00933333 1500
0.00966667 1500
0.01 1500
