0 1360.28
0.000333333 1387.59
0.000666667 1411
0.001 1430.61
0.00133333 1446.72
0.00166667 1459.7
0.002 1469.97
0.00233333 1477.96
0.00266667 1484.08
0.003 1488.67
0.00333333 1492.08
0.00366667 1494.55
0.004 1496.32
0.00433333 1497.56
0.00466667 1498.42
0.005 1498.99
0.00533333 1499.38
0.00566667 1499.62
0.006 1499.78
0.00633333 1499.87
0.00666667 1499.93
0.007 1499.96
0.00733333 1499.98
0.00766667 1499.99
0.008 1500
0.00833333 1500
0.00866667 1500
0.009 1500
0.00933333 1500
0.00966667 1500
0.01 1500
