0 1000.86
0.000333333 1003.42
0.000666667 1010.41
0.001 1025.49
0.00133333 1052.02
0.00166667 1091.33
0.002 1141.73
0.00233333 1198.91
0.00266667 1257.48
0.003 1312.52
0.00333333 1360.61
0.00366667 1400.11
0.004 1430.88
0.00433333 1453.76
0.00466667 1470.08
0.005 1481.28
0.00533333 1488.68
0.00566667 1493.4
0.006 1496.29
0.00633333 1498
0.00666667 1498.97
0.007 1499.5
0.00733333 1499.77
0.00766667 1499.9
0.008 1499.96
0.00833333 1499.98
0.00866667 1499.99
0.009 1500
0.00933333 1500
0.00966667 1500
0.01 1500
