0 1010.27
0.000333333 1023.89
0.000666667 1047.3
0.001 1081.86
0.00133333 1126.63
0.00166667 1178.55
0.002 1233.34
0.00233333 1286.69
0.00266667 1335.23
0.003 1376.87
0.00333333 1410.85
0.00366667 1437.37
0.004 1457.27
0.00433333 1471.68
0.00466667 1481.78
0.005 1488.62
0.00533333 1493.12
0.00566667 1495.97
0.006 1497.73
0.00633333 1498.77
0.00666667 1499.36
0.007 1499.68
0.00733333 1499.85
0.00766667 1499.93
0.008 1499.97
0.00833333 1499.99
0.00866667 1500
0.009 1500
0.00933333 1500
0.00966667 1500
0.01 1500
