0 1000
0.000333333 1000
0.000666667 1000.03
0.001 1000.25
0.00133333 1001.53
0.00166667 1006.35
0.002 1019.38
0.00233333 1046
0.00266667 1089.11
0.003 1146.75
0.00333333 1212.55
0.00366667 1278.56
0.004 1338.1
0.00433333 1387.3
0.00466667 1425.08
0.005 1452.33
0.00533333 1470.94
0.00566667 1483.03
0.006 1490.52
0.00633333 1494.95
0.00666667 1497.44
0.007 1498.78
0.00733333 1499.45
0.00766667 1499.77
0.008 1499.91
0.00833333 1499.97
0.00866667 1499.99
0.009 1500
0.00933333 1500
0.00966667 1500
0.01 1500
