0 1121.55
0.000333333 1165.87
0.000666667 1213.17
0.001 1260.52
0.00133333 1305.39
0.00166667 1345.91
0.002 1380.98
0.00233333 1410.23
0.00266667 1433.83
0.003 1452.31
0.00333333 1466.38
0.00366667 1476.82
0.004 1484.37
0.00433333 1489.71
0.00466667 1493.39
0.005 1495.86
0.00533333 1497.48
0.00566667 1498.51
0.006 1499.14
0.00633333 1499.53
0.00666667 1499.75
0.007 1499.87
0.00733333 1499.94
0.00766667 1499.97
0.008 1499.99
0.00833333 1499.99
0.00866667 1500
0.009 1500
0.00933333 1500
0.00966667 1500
0.01 1500
