0 9.85085e+71
0.000333333 -1.4934e+51
0.000666667 1.09191e+33
0.001 2.95556e+15
0.00133333 1069.26
0.00166667 1000
0.002 1000
0.00233333 1000
0.00266667 1000
0.003 1000
0.00333333 1000
0.00366667 1000
0.004 1000
0.00433333 1000
0.00466667 1000
0.005 1000
0.00533333 1000.07
0.00566667 1002.85
0.006 1028.01
0.00633333 1109.5
0.00666667 1236.54
0.007 1355.58
0.00733333 1434.1
0.00766667 1474.48
0.008 1491.58
0.00833333 1497.67
0.00866667 1499.47
0.009 1499.91
0.00933333 1499.99
0.00966667 1500
0.01 1500
