0 1000
0.000333333 1000
0.000666667 1000
0.001 1000
0.00133333 1000
0.00166667 1000
0.002 1000.01
0.00233333 1000.14
0.00266667 1001.3
0.003 1007.09
0.00333333 1025.22
0.00366667 1064.07
0.004 1125.57
0.00433333 1202.04
0.00466667 1280.54
0.005 1349.79
0.00533333 1403.93
0.00566667 1442.31
0.006 1467.38
0.00633333 1482.63
0.00666667 1491.3
0.007 1495.92
0.00733333 1498.22
0.00766667 1499.28
0.008 1499.74
0.00833333 1499.91
0.00866667 1499.97
0.009 1499.99
0.00933333 1500
0.00966667 1500
0.01 1500
