0 1043.98
0.000333333 1074.79
0.000666667 1114.88
0.001 1162.05
0.00133333 1212.94
0.00166667 1263.92
0.002 1311.83
0.00233333 1354.44
0.00266667 1390.56
0.003 1419.93
0.00333333 1442.94
0.00366667 1460.37
0.004 1473.17
0.00433333 1482.3
0.00466667 1488.63
0.005 1492.9
0.00533333 1495.69
0.00566667 1497.47
0.006 1498.56
0.00633333 1499.21
0.00666667 1499.59
0.007 1499.79
0.00733333 1499.9
0.00766667 1499.95
0.008 1499.98
0.00833333 1499.99
0.00866667 1500
0.009 1500
0.00933333 1500
0.00966667 1500
0.01 1500
