0 1062.54
0.000333333 1098.56
0.000666667 1142.34
0.001 1191.07
0.00133333 1241.34
0.00166667 1289.94
0.002 1334.32
0.00233333 1372.93
0.00266667 1405.11
0.003 1430.94
0.00333333 1450.97
0.00366667 1466.04
0.004 1477.05
0.00433333 1484.87
0.00466667 1490.29
0.005 1493.93
0.00533333 1496.31
0.00566667 1497.83
0.006 1498.76
0.00633333 1499.32
0.00666667 1499.64
0.007 1499.82
0.00733333 1499.91
0.00766667 1499.96
0.008 1499.98
0.00833333 1499.99
0.00866667 1500
0.009 1500
0.00933333 1500
0.00966667 1500
0.01 1500
