0 1000.02
0.000333333 1000.18
0.000666667 1001.05
0.001 1004.34
0.00133333 1013.46
0.00166667 1032.92
0.002 1066.24
0.00233333 1113.73
0.00266667 1171.82
0.003 1234.38
0.00333333 1294.98
0.00366667 1348.74
0.004 1393.05
0.00433333 1427.36
0.00466667 1452.52
0.005 1470.12
0.00533333 1481.89
0.00566667 1489.45
0.006 1494.1
0.00633333 1496.84
0.00666667 1498.39
0.007 1499.22
0.00733333 1499.64
0.00766667 1499.85
0.008 1499.94
0.00833333 1499.98
0.00866667 1499.99
0.009 1500
0.00933333 1500
0.00966667 1500
0.01 1500
