0 1000
0.000898505 1000.4
0.00137917 1004.77
0.00162608 1011.88
0.00180104 1020.39
0.00194554 1030.12
0.00207134 1040.82
0.00218394 1052.24
0.00228679 1064.19
0.00238263 1076.61
0.00247404 1089.55
0.00256412 1103.27
0.00265989 1118.8
0.00278097 1139.65
0.00299162 1178.26
0.00350389 1275.08
0.00410775 1372.41
0.00443341 1411.66
0.00464569 1432.04
0.00481026 1445.22
0.00495256 1454.93
0.00508687 1462.79
0.00522443 1469.65
0.00537828 1476.06
0.00557109 1482.46
0.00585903 1489.31
0.00640598 1496.26
0.00730448 1499.54
0.00820299 1499.97
0.00910149 1500
0.01 1500
