0 1404.79
0.000333333 1424.36
0.000666667 1440.72
0.001 1454.16
0.00133333 1465.03
0.00166667 1473.67
0.002 1480.45
0.00233333 1485.68
0.00266667 1489.67
0.003 1492.65
0.00333333 1494.85
0.00366667 1496.45
0.004 1497.6
0.00433333 1498.4
0.00466667 1498.96
0.005 1499.33
0.00533333 1499.58
0.00566667 1499.75
0.006 1499.85
0.00633333 1499.91
0.00666667 1499.95
0.007 1499.97
0.00733333 1499.99
0.00766667 1499.99
0.008 1500
0.00833333 1500
0.00866667 1500
0.009 1500
0.00933333 1500
0.00966667 1500
0.01 1500
