0 999.9999999341776
0.0006755773324895429 1000.004050785647
0.001051645374868167 1000.158032253698
0.001184704732181182 1000.404970555229
0.001261642400348101 1000.659020951545
0.001332410606503842 1000.998859629552
0.001414704187019529 1001.56479269919
0.001517215182272614 1002.612232356155
0.001645299887763845 1004.647164613496
0.001808303103132278 1008.848034757048
0.002034785837921934 1018.839721110535
0.002435596556216858 1052.602832581766
0.003111173888706404 1158.390079366893
0.003414145670602968 1217.517223011339
0.003556900165213748 1245.588785365934
0.003663849252241905 1266.245851026997
0.003775659807613455 1287.261081696461
0.003915890977674111 1312.490554110468
0.004093898338216892 1342.276115810029
0.004307470464389954 1374.17646195054
0.004554971529457016 1405.516894113074
0.004838016472837999 1434.042811521712
0.005162645827563118 1458.104326595782
0.005543373100217532 1476.774742530878
0.006017350342564033 1489.838078061199
0.00662211333755225 1497.005203966606
0.007297690670041801 1499.415564642353
0.00797326800253135 1499.921041577251
0.0086488453350209 1499.993461664442
0.00932442266751045 1499.999706860557
0.01 1499.999989893766
