0 1000
0.000333333 1000.01
0.000666667 1000.11
0.001 1000.74
0.00133333 1003.49
0.00166667 1011.86
0.002 1030.91
0.00233333 1064.89
0.00266667 1114.39
0.003 1175.37
0.00333333 1240.81
0.00366667 1303.47
0.004 1358.1
0.00433333 1402.13
0.00466667 1435.35
0.005 1459.04
0.00533333 1475.09
0.00566667 1485.47
0.006 1491.88
0.00633333 1495.67
0.00666667 1497.8
0.007 1498.94
0.00733333 1499.52
0.00766667 1499.8
0.008 1499.92
0.00833333 1499.97
0.00866667 1499.99
0.009 1500
0.00933333 1500
0.00966667 1500
0.01 1500
