0 1073.31
0.000333333 1111.63
0.000666667 1156.78
0.001 1205.79
0.00133333 1255.34
0.00166667 1302.46
0.002 1344.96
0.00233333 1381.56
0.00266667 1411.83
0.003 1435.97
0.00333333 1454.62
0.00366667 1468.61
0.004 1478.8
0.00433333 1486.03
0.00466667 1491.03
0.005 1494.39
0.00533333 1496.59
0.00566667 1497.99
0.006 1498.85
0.00633333 1499.37
0.00666667 1499.67
0.007 1499.83
0.00733333 1499.92
0.00766667 1499.96
0.008 1499.98
0.00833333 1499.99
0.00866667 1500
0.009 1500
0.00933333 1500
0.00966667 1500
0.01 1500
