0 -2.00958e+58
0.000333333 1.44992e+39
0.000666667 -7.41641e+22
0.001 -2.29902e+07
0.00133333 1000
0.00166667 1000
0.002 1000
0.00233333 1000
0.00266667 1000
0.003 1000
0.00333333 1000
0.00366667 1000
0.004 1000
0.00433333 1000
0.00466667 1000
0.005 1000
0.00533333 1000.27
0.00566667 1006.19
0.006 1043.33
0.00633333 1138.03
0.00666667 1265.3
0.007 1374.71
0.00733333 1443.62
0.00766667 1478.27
0.008 1492.83
0.00833333 1498
0.00866667 1499.54
0.009 1499.92
0.00933333 1499.99
0.00966667 1500
0.01 1500
