0 1004.21
0.000791602 1000
0.0015832 1000
0.00237481 1000
0.00316641 1000
0.00392201 1000.71
0.0041888 1004.6
0.00431313 1009.14
0.00440486 1014.28
0.00448671 1020.47
0.00456596 1028.12
0.00464682 1037.75
0.00473294 1050.16
0.00482896 1066.68
0.00494432 1090.1
0.00512407 1133.34
0.00548418 1233.65
0.00572094 1298.72
0.00585783 1332.97
0.0059763 1359.85
0.00609206 1383.38
0.00621071 1404.59
0.00633676 1423.96
0.00647555 1441.71
0.0066354 1457.97
0.00683313 1472.81
0.00711652 1486.32
0.00762519 1496.75
0.0084168 1499.82
0.0092084 1500
0.01 1500
