0 1032.69
0.000333333 1059.25
0.000666667 1095.87
0.001 1141
0.00133333 1191.56
0.00166667 1243.76
0.002 1293.99
0.00233333 1339.5
0.00266667 1378.64
0.003 1410.82
0.00333333 1436.24
0.00366667 1455.62
0.004 1469.91
0.00433333 1480.13
0.00466667 1487.24
0.005 1492.03
0.00533333 1495.17
0.00566667 1497.16
0.006 1498.39
0.00633333 1499.12
0.00666667 1499.54
0.007 1499.77
0.00733333 1499.89
0.00766667 1499.95
0.008 1499.98
0.00833333 1499.99
0.00866667 1500
0.009 1500
0.00933333 1500
0.00966667 1500
0.01 1500
