0 1007.11
0.000333333 1017.9
0.000666667 1037.79
0.001 1068.85
0.00133333 1110.99
0.00166667 1161.68
0.002 1216.75
0.00233333 1271.63
0.00266667 1322.43
0.003 1366.62
0.00333333 1403.03
0.00366667 1431.67
0.004 1453.29
0.00433333 1469.01
0.00466667 1480.04
0.005 1487.54
0.00533333 1492.46
0.00566667 1495.59
0.006 1497.51
0.00633333 1498.65
0.00666667 1499.3
0.007 1499.65
0.00733333 1499.84
0.00766667 1499.93
0.008 1499.97
0.00833333 1499.99
0.00866667 1500
0.009 1500
0.00933333 1500
0.00966667 1500
0.01 1500
