0 1328.62
0.000333333 1360.79
0.000666667 1388.9
0.001 1412.82
0.00133333 1432.71
0.00166667 1448.9
0.002 1461.82
0.00233333 1471.92
0.00266667 1479.68
0.003 1485.54
0.00333333 1489.89
0.00366667 1493.05
0.004 1495.31
0.00433333 1496.9
0.00466667 1497.99
0.005 1498.73
0.00533333 1499.21
0.00566667 1499.53
0.006 1499.72
0.00633333 1499.84
0.00666667 1499.91
0.007 1499.95
0.00733333 1499.98
0.00766667 1499.99
0.008 1499.99
0.00833333 1500
0.00866667 1500
0.009 1500
0.00933333 1500
0.00966667 1500
0.01 1500
