0 1000
0.000846941 1000
0.00169388 1000.01
0.00220341 1001.03
0.00240243 1003.12
0.00251753 1005.42
0.00261092 1008.11
0.00269731 1011.44
0.00278231 1015.61
0.00286943 1020.96
0.00296159 1027.91
0.00306193 1037.13
0.00317458 1049.61
0.00330626 1067.13
0.00347213 1093.5
0.00373102 1142.65
0.00417686 1239
0.00441721 1290.06
0.00455797 1318
0.00469318 1342.96
0.00484611 1368.69
0.0050206 1394.57
0.00521843 1419.37
0.00544486 1442.15
0.00571296 1462.29
0.00606093 1479.56
0.00661896 1493.38
0.00745918 1499.19
0.00830612 1499.95
0.00915306 1500
0.01 1500
