0 1000.11
0.000333333 1000.66
0.000666667 1002.89
0.001 1009.49
0.00133333 1024.46
0.00166667 1051.67
0.002 1092.72
0.00233333 1145.64
0.00266667 1205.52
0.003 1266.24
0.00333333 1322.45
0.00366667 1370.66
0.004 1409.41
0.00433333 1438.89
0.00466667 1460.24
0.005 1475.04
0.00533333 1484.89
0.00566667 1491.2
0.006 1495.07
0.00633333 1497.35
0.00666667 1498.65
0.007 1499.34
0.00733333 1499.7
0.00766667 1499.87
0.008 1499.95
0.00833333 1499.98
0.00866667 1499.99
0.009 1500
0.00933333 1500
0.00966667 1500
0.01 1500
