0 1488.87
0.000333333 1491.32
0.000666667 1493.3
0.001 1494.86
0.00133333 1496.1
0.00166667 1497.07
0.002 1497.82
0.00233333 1498.39
0.00266667 1498.83
0.003 1499.16
0.00333333 1499.4
0.00366667 1499.58
0.004 1499.71
0.00433333 1499.8
0.00466667 1499.86
0.005 1499.91
0.00533333 1499.94
0.00566667 1499.96
0.006 1499.98
0.00633333 1499.99
0.00666667 1499.99
0.007 1499.99
0.00733333 1500
0.00766667 1500
0.008 1500
0.00833333 1500
0.00866667 1500
0.009 1500
0.00933333 1500
0.00966667 1500
0.01 1500
