0 1289.56
0.000333333 1326.91
0.000666667 1360.38
0.001 1389.49
0.00133333 1414.11
0.00166667 1434.42
0.002 1450.78
0.00233333 1463.7
0.00266667 1473.68
0.003 1481.25
0.00333333 1486.88
0.00366667 1490.99
0.004 1493.93
0.00433333 1495.99
0.00466667 1497.41
0.005 1498.36
0.00533333 1498.99
0.00566667 1499.39
0.006 1499.65
0.00633333 1499.8
0.00666667 1499.89
0.007 1499.94
0.00733333 1499.97
0.00766667 1499.99
0.008 1499.99
0.00833333 1500
0.00866667 1500
0.009 1500
0.00933333 1500
0.00966667 1500
0.01 1500
