0 1000.000092943893
0.0008015674496432106 1000.555931779761
0.001555956877842479 1014.777453163635
0.00210065045642592 1057.404134955572
0.002457728447017679 1105.977910187267
0.002678543061648338 1142.758743477662
0.002801153766694376 1164.706860934655
0.002887873515430172 1180.664389762135
0.002983961979610661 1198.606670727014
0.003154135357050836 1230.587765172144
0.00358316534911335 1307.72141805335
0.004079981561610667 1381.555223974575
0.004347928446845777 1412.383062302117
0.004532689766221528 1429.961178192502
0.004681979680259934 1442.107354274512
0.004812218058211254 1451.310332262705
0.0049313905632239 1458.68080678323
0.005044306891938959 1464.811847728998
0.005154400867788542 1470.05754279656
0.005264575704753056 1474.647282840464
0.00537776800763327 1478.740408392966
0.005497541256986441 1482.455890417055
0.005629061854003305 1485.89146055983
0.00578135496671672 1489.141200921792
0.005974401673889232 1492.32512083231
0.006263608878433767 1495.587648212822
0.006793730201427067 1498.576882482945
0.0075952976510703 1499.819005840251
0.008396865100713533 1499.986898600428
0.009198432550356767 1499.999554691077
0.01 1499.999990314859
