0 1000
0.000333333 1000
0.000666667 1000
0.001 1000
0.00133333 1000.05
0.00166667 1000.5
0.002 1002.88
0.00233333 1011.28
0.00266667 1032.08
0.003 1070.7
0.00333333 1127.32
0.00366667 1195.84
0.004 1266.83
0.00433333 1331.66
0.00466667 1385.1
0.005 1425.57
0.00533333 1454.13
0.00566667 1473.07
0.006 1484.94
0.00633333 1492
0.00666667 1495.97
0.007 1498.09
0.00733333 1499.15
0.00766667 1499.65
0.008 1499.87
0.00833333 1499.95
0.00866667 1499.99
0.009 1500
0.00933333 1500
0.00966667 1500
0.01 1500
