0 1000
0.000853415 1000
0.00170683 1000
0.00256025 1000.65
0.00292362 1005.32
0.00308687 1010.92
0.00319948 1016.85
0.00329581 1023.54
0.00338499 1031.23
0.0034711 1040.13
0.00355688 1050.48
0.00364469 1062.63
0.00373719 1077.09
0.00383796 1094.67
0.00395331 1116.91
0.00409941 1147.71
0.00436945 1209.28
0.00471114 1287.21
0.00488267 1323.13
0.00501585 1348.71
0.00515557 1373.07
0.00531185 1397.13
0.00548727 1420.13
0.00568635 1441.36
0.00591973 1460.37
0.0062178 1477.07
0.00668356 1491.29
0.00743975 1498.71
0.00829317 1499.92
0.00914658 1500
0.01 1500
