0 1000.21
0.000333333 1001.12
0.000666667 1004.36
0.001 1013.02
0.00133333 1031.15
0.00166667 1062.02
0.002 1106.23
0.00233333 1160.96
0.00266667 1220.94
0.003 1280.3
0.00333333 1334.25
0.00366667 1379.88
0.004 1416.2
0.00433333 1443.62
0.00466667 1463.38
0.005 1477.04
0.00533333 1486.11
0.00566667 1491.9
0.006 1495.46
0.00633333 1497.56
0.00666667 1498.75
0.007 1499.39
0.00733333 1499.72
0.00766667 1499.88
0.008 1499.95
0.00833333 1499.98
0.00866667 1499.99
0.009 1500
0.00933333 1500
0.00966667 1500
0.01 1500
