0 1017.47
0.000333333 1036.24
0.000666667 1065.41
0.001 1105.06
0.00133333 1153.14
0.00166667 1206
0.002 1259.48
0.00233333 1309.87
0.00266667 1354.54
0.003 1392.13
0.00333333 1422.35
0.00366667 1445.68
0.004 1463.05
0.00433333 1475.56
0.00466667 1484.29
0.005 1490.19
0.00533333 1494.06
0.00566667 1496.52
0.006 1498.03
0.00633333 1498.93
0.00666667 1499.44
0.007 1499.72
0.00733333 1499.87
0.00766667 1499.94
0.008 1499.97
0.00833333 1499.99
0.00866667 1500
0.009 1500
0.00933333 1500
0.00966667 1500
0.01 1500
