0 1011.81
0.000333333 1026.65
0.000666667 1051.5
0.001 1087.39
0.00133333 1133.1
0.00166667 1185.37
0.002 1239.93
0.00233333 1292.6
0.00266667 1340.2
0.003 1380.82
0.00333333 1413.84
0.00366667 1439.53
0.004 1458.78
0.00433333 1472.7
0.00466667 1482.44
0.005 1489.03
0.00533333 1493.36
0.00566667 1496.12
0.006 1497.81
0.00633333 1498.81
0.00666667 1499.38
0.007 1499.69
0.00733333 1499.85
0.00766667 1499.93
0.008 1499.97
0.00833333 1499.99
0.00866667 1500
0.009 1500
0.00933333 1500
0.00966667 1500
0.01 1500
