0 999.9734754561332
0.0008018233850971831 999.9999998448548
0.001603646770194366 1000.000000000017
0.002405470155291549 999.99999999999
0.003207293540388732 1000.002701009273
0.003879080853019826 1002.468620985594
0.004184037940056583 1013.027607808213
0.004351660616556477 1026.142625407558
0.004477479437208821 1040.684157373726
0.004582872507245028 1056.280410327314
0.004675933756671442 1072.66340503387
0.00476134459035857 1089.758952254454
0.004842709809619349 1107.720998938119
0.004923862030793592 1127.060076525328
0.005011785196174397 1149.331185829129
0.005133967572082521 1181.902004111415
0.005417959025099593 1259.643977605394
0.005718030332852612 1334.915781658353
0.005873896403559343 1368.322209028896
0.006001697135447264 1392.262705204482
0.006121009494257651 1411.750312112564
0.006239031821902136 1428.381080825219
0.006361105271286958 1442.975402433018
0.006493077492496807 1456.029702605165
0.00664356647227924 1467.874136802599
0.006829566087124539 1478.766723555776
0.007098474993750082 1488.939484554372
0.007594529844708465 1497.239208032978
0.008396353229805644 1499.846965646678
0.009198176614902822 1499.997395042138
0.01 1499.999986525021
