0 -1.43116e+41
0.000333333 2.53878e+24
0.000666667 -5.76868e+10
0.001 999.983
0.00133333 1000
0.00166667 1000
0.002 1000
0.00233333 1000
0.00266667 1000
0.003 1000
0.00333333 1000
0.00366667 1000
0.004 1000
0.00433333 1000
0.00466667 1000
0.005 1000.03
0.00533333 1001.25
0.00566667 1015.2
0.006 1071.7
0.00633333 1180.22
0.00666667 1302.72
0.007 1397.94
0.00733333 1454.79
0.00766667 1482.67
0.008 1494.27
0.00833333 1498.39
0.00866667 1499.63
0.009 1499.93
0.00933333 1499.99
0.00966667 1500
0.01 1500
