0 1000
0.000333333 1000
0.000666667 1000
0.001 1000.01
0.00133333 1000.09
0.00166667 1000.73
0.002 1003.86
0.00233333 1013.98
0.00266667 1037.5
0.003 1079.04
0.00333333 1137.69
0.00366667 1206.7
0.004 1276.69
0.00433333 1339.65
0.00466667 1390.98
0.005 1429.58
0.00533333 1456.67
0.00566667 1474.58
0.006 1485.79
0.00633333 1492.45
0.00666667 1496.2
0.007 1498.19
0.00733333 1499.2
0.00766667 1499.67
0.008 1499.87
0.00833333 1499.96
0.00866667 1499.99
0.009 1500
0.00933333 1500
0.00966667 1500
0.01 1500
