0 -2.55263e+42
0.000333333 2.93551e+25
0.000666667 -4.11882e+11
0.001 999.929
0.00133333 1000
0.00166667 1000
0.002 1000
0.00233333 1000
0.00266667 1000
0.003 1000
0.00333333 1000
0.00366667 1000
0.004 1000
0.00433333 1000
0.00466667 1000
0.005 1000.02
0.00533333 1001.13
0.00566667 1014.27
0.006 1069.21
0.00633333 1176.89
0.00666667 1299.94
0.007 1396.27
0.00733333 1454
0.00766667 1482.36
0.008 1494.17
0.00833333 1498.36
0.00866667 1499.62
0.009 1499.93
0.00933333 1499.99
0.00966667 1500
0.01 1500
