0 1000
0.000333333 1000
0.000666667 1000
0.001 1000
0.00133333 1000
0.00166667 1000
0.002 1000.01
0.00233333 1000.19
0.00266667 1001.63
0.003 1008.37
0.00333333 1028.34
0.00366667 1069.45
0.004 1132.61
0.00433333 1209.43
0.00466667 1287.07
0.005 1354.82
0.00533333 1407.39
0.00566667 1444.48
0.006 1468.64
0.00633333 1483.3
0.00666667 1491.64
0.007 1496.08
0.00733333 1498.29
0.00766667 1499.31
0.008 1499.75
0.00833333 1499.92
0.00866667 1499.97
0.009 1499.99
0.00933333 1500
0.00966667 1500
0.01 1500
