0 1000
0.000333333 1000.02
0.000666667 1000.16
0.001 1001
0.00133333 1004.37
0.00166667 1014.08
0.002 1035.13
0.00233333 1071.31
0.00266667 1122.5
0.003 1184.15
0.00333333 1249.19
0.00366667 1310.68
0.004 1363.77
0.00433333 1406.28
0.00466667 1438.21
0.005 1460.9
0.00533333 1476.24
0.00566667 1486.14
0.006 1492.26
0.00633333 1495.87
0.00666667 1497.9
0.007 1498.99
0.00733333 1499.54
0.00766667 1499.81
0.008 1499.92
0.00833333 1499.97
0.00866667 1499.99
0.009 1500
0.00933333 1500
0.00966667 1500
0.01 1500
