0 -3.33911e+62
0.000333333 7.0188e+42
0.000666667 -9.22645e+25
0.001 -6.2543e+09
0.00133333 999.994
0.00166667 1000
0.002 1000
0.00233333 1000
0.00266667 1000
0.003 1000
0.00333333 1000
0.00366667 1000
0.004 1000
0.00433333 1000
0.00466667 1000
0.005 1000
0.00533333 1000.18
0.00566667 1004.9
0.006 1038.01
0.00633333 1128.76
0.00666667 1256.32
0.007 1368.86
0.00733333 1440.74
0.00766667 1477.13
0.008 1492.45
0.00833333 1497.9
0.00866667 1499.52
0.009 1499.91
0.00933333 1499.99
0.00966667 1500
0.01 1500
