0 1046.09
0.000333333 1077.58
0.000666667 1118.19
0.001 1165.63
0.00133333 1216.51
0.00166667 1267.24
0.002 1314.73
0.00233333 1356.84
0.00266667 1392.46
0.003 1421.38
0.00333333 1444
0.00366667 1461.12
0.004 1473.68
0.00433333 1482.64
0.00466667 1488.85
0.005 1493.04
0.00533333 1495.78
0.00566667 1497.52
0.006 1498.59
0.00633333 1499.23
0.00666667 1499.59
0.007 1499.79
0.00733333 1499.9
0.00766667 1499.95
0.008 1499.98
0.00833333 1499.99
0.00866667 1500
0.009 1500
0.00933333 1500
0.00966667 1500
0.01 1500
