0 1000
0.000333333 1000.05
0.000666667 1000.4
0.001 1002.08
0.00133333 1007.67
0.00166667 1021.52
0.002 1048.24
0.00233333 1090.07
0.00266667 1145.1
0.003 1207.78
0.00333333 1271.16
0.00366667 1329.2
0.004 1378.16
0.00433333 1416.71
0.00466667 1445.33
0.005 1465.5
0.00533333 1479.06
0.00566667 1487.8
0.006 1493.18
0.00633333 1496.35
0.00666667 1498.14
0.007 1499.1
0.00733333 1499.59
0.00766667 1499.83
0.008 1499.93
0.00833333 1499.97
0.00866667 1499.99
0.009 1500
0.00933333 1500
0.00966667 1500
0.01 1500
