0 1000
0.000333333 1000
0.000666667 1000
0.001 1000
0.00133333 1000
0.00166667 1000
0.002 1000.04
0.00233333 1000.5
0.00266667 1003.34
0.003 1013.96
0.00333333 1040.66
0.00366667 1089.13
0.004 1156.95
0.00433333 1234.01
0.00466667 1308.2
0.005 1370.78
0.00533333 1418.25
0.00566667 1451.25
0.006 1472.54
0.00633333 1485.39
0.00666667 1492.68
0.007 1496.56
0.00733333 1498.49
0.00766667 1499.39
0.008 1499.77
0.00833333 1499.92
0.00866667 1499.98
0.009 1499.99
0.00933333 1500
0.00966667 1500
0.01 1500
