0 -1.74125e+74
0.000333333 1.45034e+53
0.000666667 -5.4989e+34
0.001 -7.17367e+16
0.00133333 264.775
0.00166667 1000
0.002 1000
0.00233333 1000
0.00266667 1000
0.003 1000
0.00333333 1000
0.00366667 1000
0.004 1000
0.00433333 1000
0.00466667 1000
0.005 1000
0.00533333 1000.06
0.00566667 1002.49
0.006 1026
0.00633333 1105.24
0.00666667 1231.93
0.007 1352.39
0.00733333 1432.48
0.00766667 1473.83
0.008 1491.37
0.00833333 1497.61
0.00866667 1499.46
0.009 1499.9
0.00933333 1499.99
0.00966667 1500
0.01 1500
