0 1000.34
0.000333333 1001.66
0.000666667 1005.93
0.001 1016.51
0.00133333 1037.33
0.00166667 1071.11
0.002 1117.62
0.00233333 1173.47
0.00266667 1233.23
0.003 1291.3
0.00333333 1343.35
0.00366667 1386.92
0.004 1421.34
0.00433333 1447.18
0.00466667 1465.74
0.005 1478.53
0.00533333 1487.02
0.00566667 1492.43
0.006 1495.76
0.00633333 1497.72
0.00666667 1498.83
0.007 1499.43
0.00733333 1499.74
0.00766667 1499.88
0.008 1499.95
0.00833333 1499.98
0.00866667 1499.99
0.009 1500
0.00933333 1500
0.00966667 1500
0.01 1500
