0 1.65589e+92
0.000333333 -1.53067e+69
0.000666667 4.23142e+48
0.001 2.3787e+28
0.00133333 5.28351e+11
0.00166667 999.972
0.002 1000
0.00233333 1000
0.00266667 1000
0.003 1000
0.00333333 1000
0.00366667 1000
0.004 1000
0.00433333 1000
0.00466667 1000
0.005 1000
0.00533333 1000.01
0.00566667 1000.81
0.006 1013.83
0.00633333 1075.24
0.00666667 1196.33
0.007 1326.53
0.00733333 1419.04
0.00766667 1468.36
0.008 1489.57
0.00833333 1497.13
0.00866667 1499.36
0.009 1499.89
0.00933333 1499.99
0.00966667 1500
0.01 1500
