0 1476.49
0.000333333 1481.65
0.000666667 1485.81
0.001 1489.14
0.00133333 1491.77
0.00166667 1493.83
0.002 1495.42
0.00233333 1496.64
0.00266667 1497.56
0.003 1498.26
0.00333333 1498.77
0.00366667 1499.14
0.004 1499.41
0.00433333 1499.6
0.00466667 1499.73
0.005 1499.83
0.00533333 1499.89
0.00566667 1499.93
0.006 1499.96
0.00633333 1499.97
0.00666667 1499.98
0.007 1499.99
0.00733333 1499.99
0.00766667 1500
0.008 1500
0.00833333 1500
0.00866667 1500
0.009 1500
0.00933333 1500
0.00966667 1500
0.01 1500
