0 1024.93
0.000333333 1047.91
0.000666667 1081.26
0.001 1124.17
0.00133333 1173.9
0.00166667 1226.67
0.002 1278.56
0.00233333 1326.37
0.00266667 1368.05
0.003 1402.65
0.00333333 1430.19
0.00366667 1451.3
0.004 1466.94
0.00433333 1478.16
0.00466667 1485.96
0.005 1491.24
0.00533333 1494.69
0.00566667 1496.89
0.006 1498.24
0.00633333 1499.04
0.00666667 1499.5
0.007 1499.75
0.00733333 1499.88
0.00766667 1499.95
0.008 1499.98
0.00833333 1499.99
0.00866667 1500
0.009 1500
0.00933333 1500
0.00966667 1500
0.01 1500
