0 1000
0.000839408 1000
0.00167882 1000
0.00251822 1000
0.00335763 1000.27
0.00373471 1004.01
0.00390522 1009.74
0.00402087 1016.27
0.00411785 1023.86
0.00420633 1032.71
0.00429116 1043.06
0.00437577 1055.27
0.00446347 1069.91
0.00455878 1088.03
0.00467199 1112.26
0.00485425 1156.19
0.00522669 1254
0.00546977 1314.47
0.0056164 1347.13
0.00574432 1372.68
0.00586799 1394.6
0.00599342 1414.02
0.0061256 1431.51
0.0062704 1447.42
0.00643691 1461.96
0.00664346 1475.28
0.00694194 1487.52
0.00748178 1497.04
0.00832118 1499.84
0.00916059 1500
0.01 1500
