0 1251.07
0.000333333 1292.47
0.000666667 1330.69
0.001 1364.71
0.00133333 1394.03
0.00166667 1418.58
0.002 1438.61
0.00233333 1454.55
0.00266667 1466.96
0.003 1476.43
0.00333333 1483.49
0.00366667 1488.66
0.004 1492.36
0.00433333 1494.96
0.00466667 1496.75
0.005 1497.95
0.00533333 1498.74
0.00566667 1499.25
0.006 1499.56
0.00633333 1499.75
0.00666667 1499.87
0.007 1499.93
0.00733333 1499.96
0.00766667 1499.98
0.008 1499.99
0.00833333 1500
0.00866667 1500
0.009 1500
0.00933333 1500
0.00966667 1500
0.01 1500
