0 1000
0.000894491 1000
0.00178898 1000
0.00268347 1000.37
0.00307797 1004.45
0.00326085 1010.4
0.00338742 1017.18
0.00349356 1024.97
0.00358963 1033.91
0.00368068 1044.15
0.00377016 1055.95
0.00386118 1069.71
0.00395757 1086.14
0.0040663 1106.78
0.00421373 1137.79
0.00453411 1212.42
0.00489505 1296.45
0.00507545 1334.3
0.00521762 1361.2
0.00535059 1383.75
0.00548228 1403.54
0.00561784 1421.29
0.0057623 1437.41
0.0059222 1452.15
0.00610823 1465.68
0.00634309 1478.14
0.00669269 1489.56
0.00731653 1497.78
0.00821102 1499.88
0.00910551 1500
0.01 1500
