0 1091.2
0.000333333 1132.46
0.000666667 1179.05
0.001 1227.88
0.00133333 1275.9
0.00166667 1320.55
0.002 1360.12
0.00233333 1393.72
0.00266667 1421.22
0.003 1442.98
0.00333333 1459.68
0.00366667 1472.15
0.004 1481.21
0.00433333 1487.62
0.00466667 1492.05
0.005 1495.03
0.00533333 1496.98
0.00566667 1498.21
0.006 1498.98
0.00633333 1499.44
0.00666667 1499.7
0.007 1499.85
0.00733333 1499.93
0.00766667 1499.97
0.008 1499.98
0.00833333 1499.99
0.00866667 1500
0.009 1500
0.00933333 1500
0.00966667 1500
0.01 1500
