0 1000
0.000333333 1000.01
0.000666667 1000.07
0.001 1000.54
0.00133333 1002.75
0.00166667 1009.92
0.002 1027.04
0.00233333 1058.81
0.00266667 1106.51
0.003 1166.67
0.00333333 1232.37
0.00366667 1296.14
0.004 1352.27
0.00433333 1397.84
0.00466667 1432.4
0.005 1457.12
0.00533333 1473.9
0.00566667 1484.77
0.006 1491.5
0.00633333 1495.46
0.00666667 1497.7
0.007 1498.9
0.00733333 1499.5
0.00766667 1499.79
0.008 1499.92
0.00833333 1499.97
0.00866667 1499.99
0.009 1500
0.00933333 1500
0.00966667 1500
0.01 1500
