0 1000.000000236306
0.00064957934504921 999.9999999991064
0.00129915869009842 1000.000000000017
0.00194873803514763 999.9999999860401
0.00259831738019684 1000.027463173298
0.00324789672524605 1004.197548506329
0.00389747607029526 1050.798460110877
0.004512221810038574 1172.01260087416
0.004955862549518897 1279.617865265076
0.005217132640732935 1336.8156063885
0.005358836850753471 1364.065450816198
0.005439979983283811 1378.313043967953
0.005513378352534539 1390.324965464694
0.005662705171037369 1412.194173073361
0.00586653804550814 1436.68636368924
0.005971817418259214 1447.087643113253
0.006061345733407739 1454.833630945054
0.006146333736022512 1461.323002683693
0.006230465213226664 1466.98350303761
0.006316163910804526 1472.034624078133
0.006405798931482596 1476.61761632437
0.006502235203581807 1480.832103446631
0.006609486584741639 1484.751140842143
0.006733980037505842 1488.428620675255
0.006887758932312924 1491.902921804927
0.007099484292557395 1495.197964454421
0.007457029027308052 1498.18284813758
0.008051261964852344 1499.731598848954
0.008700841309901564 1499.981006153778
0.009350420654950783 1499.99938576398
0.01 1499.9999877883
