0 1000.39
0.000333333 1001.82
0.000666667 1006.38
0.001 1017.48
0.00133333 1039
0.00166667 1073.49
0.002 1120.54
0.00233333 1176.62
0.00266667 1236.28
0.003 1294.01
0.00333333 1345.57
0.00366667 1388.63
0.004 1422.58
0.00433333 1448.05
0.00466667 1466.31
0.005 1478.89
0.00533333 1487.23
0.00566667 1492.56
0.006 1495.83
0.00633333 1497.76
0.00666667 1498.85
0.007 1499.44
0.00733333 1499.74
0.00766667 1499.89
0.008 1499.95
0.00833333 1499.98
0.00866667 1499.99
0.009 1500
0.00933333 1500
0.00966667 1500
0.01 1500
