0 1190.8
0.000333333 1236.02
0.000666667 1280.14
0.001 1321.22
0.00133333 1357.93
0.00166667 1389.56
0.002 1415.95
0.00233333 1437.34
0.00266667 1454.22
0.003 1467.21
0.00333333 1476.98
0.00366667 1484.17
0.004 1489.34
0.00433333 1492.98
0.00466667 1495.48
0.005 1497.16
0.00533333 1498.26
0.00566667 1498.97
0.006 1499.4
0.00633333 1499.67
0.00666667 1499.82
0.007 1499.91
0.00733333 1499.95
0.00766667 1499.98
0.008 1499.99
0.00833333 1500
0.00866667 1500
0.009 1500
0.00933333 1500
0.00966667 1500
0.01 1500
