0 1057.53
0.000333333 1092.31
0.000666667 1135.28
0.001 1183.74
0.00133333 1234.28
0.00166667 1283.54
0.002 1328.85
0.00233333 1368.47
0.00266667 1401.62
0.003 1428.3
0.00333333 1449.05
0.00366667 1464.69
0.004 1476.13
0.00433333 1484.26
0.00466667 1489.89
0.005 1493.69
0.00533333 1496.17
0.00566667 1497.74
0.006 1498.72
0.00633333 1499.29
0.00666667 1499.63
0.007 1499.81
0.00733333 1499.91
0.00766667 1499.96
0.008 1499.98
0.00833333 1499.99
0.00866667 1500
0.009 1500
0.00933333 1500
0.00966667 1500
0.01 1500
