0 1104.21
0.000333333 1147.05
0.000666667 1194.16
0.001 1242.5
0.00133333 1289.23
0.00166667 1332.09
0.002 1369.67
0.00233333 1401.31
0.00266667 1427.04
0.003 1447.29
0.00333333 1462.78
0.00366667 1474.31
0.004 1482.68
0.00433333 1488.59
0.00466667 1492.67
0.005 1495.41
0.00533333 1497.21
0.00566667 1498.35
0.006 1499.06
0.00633333 1499.48
0.00666667 1499.72
0.007 1499.86
0.00733333 1499.93
0.00766667 1499.97
0.008 1499.99
0.00833333 1499.99
0.00866667 1500
0.009 1500
0.00933333 1500
0.00966667 1500
0.01 1500
