0 1000
0.000333333 1000
0.000666667 1000
0.001 1000
0.00133333 1000.01
0.00166667 1000.19
0.002 1001.42
0.00233333 1006.69
0.00266667 1021.92
0.003 1053.83
0.00333333 1105.12
0.00366667 1171.64
0.004 1244.16
0.00433333 1312.9
0.00466667 1371.05
0.005 1415.91
0.00533333 1447.95
0.00566667 1469.36
0.006 1482.85
0.00633333 1490.89
0.00666667 1495.42
0.007 1497.83
0.00733333 1499.04
0.00766667 1499.6
0.008 1499.85
0.00833333 1499.95
0.00866667 1499.98
0.009 1500
0.00933333 1500
0.00966667 1500
0.01 1500
