0 1219.28
6.23053e-05 1227.35
0.000404984 1270.96
0.000747664 1312
0.00109034 1349.12
0.00143302 1381.55
0.0017757 1409
0.00211838 1431.57
0.00246106 1449.63
0.00280374 1463.72
0.00314642 1474.44
0.0034891 1482.41
0.00383178 1488.18
0.00417445 1492.26
0.00451713 1495.06
0.00485981 1496.95
0.00520249 1498.17
0.00554517 1498.94
0.00588785 1499.41
0.00623053 1499.69
0.00657321 1499.84
0.00691589 1499.92
0.00725857 1499.96
0.00760125 1499.98
0.00794393 1499.99
0.0082866 1500
0.00862928 1500
0.00897196 1500
0.00931464 1500
0.00965732 1500
0.01 1500
