0 1000.01
0.000333333 1000.2
0.000666667 1001.44
0.001 1006.05
0.00133333 1017.92
0.00166667 1041.14
0.002 1077.91
0.00233333 1127.16
0.00266667 1184.8
0.003 1245.19
0.00333333 1302.87
0.00366667 1353.85
0.004 1396.02
0.00433333 1428.93
0.00466667 1453.31
0.005 1470.54
0.00533333 1482.17
0.00566667 1489.67
0.006 1494.3
0.00633333 1497.01
0.00666667 1498.52
0.007 1499.32
0.00733333 1499.71
0.00766667 1499.88
0.008 1499.96
0.00833333 1499.99
0.00866667 1500
0.009 1500
0.00933333 1500
0.00966667 1500
0.01 1500
