0 1128.78
0.000333333 1173.55
0.000666667 1220.77
0.001 1267.62
0.00133333 1311.68
0.00166667 1351.23
0.002 1385.31
0.00233333 1413.62
0.00266667 1436.4
0.003 1454.2
0.00333333 1467.73
0.00366667 1477.76
0.004 1485.01
0.00433333 1490.13
0.00466667 1493.66
0.005 1496.03
0.00533333 1497.58
0.00566667 1498.57
0.006 1499.18
0.00633333 1499.54
0.00666667 1499.76
0.007 1499.87
0.00733333 1499.94
0.00766667 1499.97
0.008 1499.99
0.00833333 1499.99
0.00866667 1500
0.009 1500
0.00933333 1500
0.00966667 1500
0.01 1500
