0 1459.88
0.000333333 1468.58
0.000666667 1475.65
0.001 1481.33
0.00133333 1485.84
0.00166667 1489.38
0.002 1492.13
0.00233333 1494.24
0.00266667 1495.83
0.003 1497.03
0.00333333 1497.91
0.00366667 1498.55
0.004 1499.01
0.00433333 1499.33
0.00466667 1499.56
0.005 1499.71
0.00533333 1499.82
0.00566667 1499.89
0.006 1499.93
0.00633333 1499.96
0.00666667 1499.98
0.007 1499.99
0.00733333 1499.99
0.00766667 1500
0.008 1500
0.00833333 1500
0.00866667 1500
0.009 1500
0.00933333 1500
0.00966667 1500
0.01 1500
