0 1001.61
0.000333333 1005.57
0.000666667 1015.24
0.001 1034.19
0.00133333 1065.09
0.00166667 1108.15
0.002 1160.72
0.00233333 1218.15
0.00266667 1275.24
0.003 1327.68
0.00333333 1372.71
0.00366667 1409.24
0.004 1437.42
0.00433333 1458.24
0.00466667 1473.02
0.005 1483.13
0.00533333 1489.8
0.00566667 1494.05
0.006 1496.65
0.00633333 1498.2
0.00666667 1499.07
0.007 1499.54
0.00733333 1499.79
0.00766667 1499.91
0.008 1499.96
0.00833333 1499.99
0.00866667 1499.99
0.009 1500
0.00933333 1500
0.00966667 1500
0.01 1500
