0 7.53154e+46
0.000333333 -1.92615e+29
0.000666667 5.09181e+14
0.001 1013.34
0.00133333 1000
0.00166667 1000
0.002 1000
0.00233333 1000
0.00266667 1000
0.003 1000
0.00333333 1000
0.00366667 1000
0.004 1000
0.00433333 1000
0.00466667 1000
0.005 1000.01
0.00533333 1000.77
0.00566667 1011.36
0.006 1060.91
0.00633333 1165.32
0.00666667 1290.08
0.007 1390.28
0.00733333 1451.15
0.00766667 1481.24
0.008 1493.8
0.00833333 1498.27
0.00866667 1499.6
0.009 1499.93
0.00933333 1499.99
0.00966667 1500
0.01 1500
