0 1000
0.000333333 1000
0.000666667 1000
0.001 1000
0.00133333 1000
0.00166667 1000.01
0.002 1000.11
0.00233333 1001.02
0.00266667 1005.58
0.003 1020.19
0.00333333 1052.72
0.00366667 1106.64
0.004 1177.15
0.00433333 1253.42
0.00466667 1324.31
0.005 1382.67
0.00533333 1426.22
0.00566667 1456.16
0.006 1475.35
0.00633333 1486.9
0.00666667 1493.43
0.007 1496.91
0.00733333 1498.64
0.00766667 1499.45
0.008 1499.79
0.00833333 1499.93
0.00866667 1499.98
0.009 1499.99
0.00933333 1500
0.00966667 1500
0.01 1500
