0 -6.31498e+89
0.000333333 1.04096e+67
0.000666667 -5.40892e+46
0.001 -6.10136e+26
0.00133333 -2.95914e+10
0.00166667 1000
0.002 1000
0.00233333 1000
0.00266667 1000
0.003 1000
0.00333333 1000
0.00366667 1000
0.004 1000
0.00433333 1000
0.00466667 1000
0.005 1000
0.00533333 1000.01
0.00566667 1000.95
0.006 1015.11
0.00633333 1078.87
0.00666667 1200.97
0.007 1330.04
0.00733333 1420.9
0.00766667 1469.13
0.008 1489.82
0.00833333 1497.2
0.00866667 1499.37
0.009 1499.89
0.00933333 1499.99
0.00966667 1500
0.01 1500
