0 2.02084e+44
0.000333333 -1.21703e+27
0.000666667 8.32224e+12
0.001 1000.64
0.00133333 1000
0.00166667 1000
0.002 1000
0.00233333 1000
0.00266667 1000
0.003 1000
0.00333333 1000
0.00366667 1000
0.004 1000
0.00433333 1000
0.00466667 1000
0.005 1000.02
0.00533333 1000.96
0.00566667 1012.96
0.006 1065.58
0.00633333 1171.91
0.00666667 1295.74
0.007 1393.73
0.00733333 1452.8
0.00766667 1481.89
0.008 1494.01
0.00833333 1498.32
0.00866667 1499.61
0.009 1499.93
0.00933333 1499.99
0.00966667 1500
0.01 1500
