0 1321.82
0.000333333 1354.97
0.000666667 1384.04
0.001 1408.88
0.00133333 1429.59
0.00166667 1446.48
0.002 1459.98
0.00233333 1470.56
0.00266667 1478.69
0.003 1484.83
0.00333333 1489.39
0.00366667 1492.71
0.004 1495.08
0.00433333 1496.75
0.00466667 1497.9
0.005 1498.67
0.00533333 1499.18
0.00566667 1499.5
0.006 1499.71
0.00633333 1499.83
0.00666667 1499.91
0.007 1499.95
0.00733333 1499.97
0.00766667 1499.99
0.008 1499.99
0.00833333 1500
0.00866667 1500
0.009 1500
0.00933333 1500
0.00966667 1500
0.01 1500
