0 1036.21
0.000333333 1064.2
0.000666667 1102.03
0.001 1147.92
0.00133333 1198.68
0.00166667 1250.53
0.002 1300.02
0.00233333 1344.58
0.00266667 1382.71
0.003 1413.94
0.00333333 1438.54
0.00366667 1457.25
0.004 1471.03
0.00433333 1480.88
0.00466667 1487.72
0.005 1492.33
0.00533333 1495.35
0.00566667 1497.27
0.006 1498.45
0.00633333 1499.15
0.00666667 1499.55
0.007 1499.78
0.00733333 1499.89
0.00766667 1499.95
0.008 1499.98
0.00833333 1499.99
0.00866667 1500
0.009 1500
0.00933333 1500
0.00966667 1500
0.01 1500
