0 1000
0.000333333 1000
0.000666667 1000
0.001 1000
0.00133333 1000.05
0.00166667 1000.45
0.002 1002.68
0.00233333 1010.68
0.00266667 1030.82
0.003 1068.69
0.00333333 1124.77
0.00366667 1193.14
0.004 1264.35
0.00433333 1329.63
0.00466667 1383.59
0.005 1424.54
0.00533333 1453.47
0.00566667 1472.67
0.006 1484.72
0.00633333 1491.88
0.00666667 1495.91
0.007 1498.06
0.00733333 1499.14
0.00766667 1499.64
0.008 1499.86
0.00833333 1499.95
0.00866667 1499.99
0.009 1500
0.00933333 1500
0.00966667 1500
0.01 1500
