0 1499.999999859636
0.0003333333333333333 1499.999999859636
0.0006666666666666666 1499.999999859636
0.001 1499.999999859636
0.001333333333333333 1499.999999859636
0.001666666666666667 1499.999999859636
0.002 1499.999999859636
0.002333333333333333 1499.999999859636
0.002666666666666667 1499.999999859636
0.003 1499.999999859636
0.003333333333333333 1499.999999859636
0.003666666666666667 1499.999999859636
0.004 1499.999999859636
0.004333333333333333 1499.999999859636
0.004666666666666666 1499.999999859636
0.005 1499.999999859636
0.005333333333333333 1499.999999859636
0.005666666666666666 1499.999999859636
0.006 1499.999999859636
0.006333333333333333 1499.999999859636
0.006666666666666666 1499.999999859636
0.007 1499.999999859636
0.007333333333333333 1499.999999859636
0.007666666666666666 1499.999999859636
0.008 1499.999999859636
0.008333333333333333 1499.999999859636
0.008666666666666666 1499.999999859636
0.008999999999999999 1499.999999859636
0.009333333333333332 1499.999999859636
0.009666666666666667 1499.999999859636
0.01 1499.999999859636
