0 1369
0.000333333 1394.88
0.000666667 1416.94
0.001 1435.35
0.00133333 1450.42
0.00166667 1462.54
0.002 1472.11
0.00233333 1479.54
0.00266667 1485.22
0.003 1489.49
0.00333333 1492.65
0.00366667 1494.94
0.004 1496.58
0.00433333 1497.73
0.00466667 1498.53
0.005 1499.06
0.00533333 1499.42
0.00566667 1499.65
0.006 1499.79
0.00633333 1499.88
0.00666667 1499.93
0.007 1499.96
0.00733333 1499.98
0.00766667 1499.99
0.008 1500
0.00833333 1500
0.00866667 1500
0.009 1500
0.00933333 1500
0.00966667 1500
0.01 1500
