0 1004.78
0.000333333 1013.1
0.000666667 1029.64
0.001 1057.1
0.00133333 1096.24
0.00166667 1145.22
0.002 1200.12
0.00233333 1256.19
0.00266667 1309.11
0.003 1355.81
0.00333333 1394.72
0.00366667 1425.58
0.004 1449.01
0.00433333 1466.12
0.00466667 1478.16
0.005 1486.36
0.00533333 1491.75
0.00566667 1495.18
0.006 1497.28
0.00633333 1498.53
0.00666667 1499.24
0.007 1499.62
0.00733333 1499.82
0.00766667 1499.92
0.008 1499.97
0.00833333 1499.99
0.00866667 1500
0.009 1500
0.00933333 1500
0.00966667 1500
0.01 1500
