0 1052.76
0.000333333 1086.26
0.000666667 1128.34
0.001 1176.46
0.00133333 1227.19
0.00166667 1277.08
0.002 1323.27
0.00233333 1363.89
0.00266667 1398.03
0.003 1425.59
0.00333333 1447.08
0.00366667 1463.3
0.004 1475.17
0.00433333 1483.63
0.00466667 1489.49
0.005 1493.43
0.00533333 1496.01
0.00566667 1497.66
0.006 1498.67
0.00633333 1499.27
0.00666667 1499.61
0.007 1499.8
0.00733333 1499.91
0.00766667 1499.96
0.008 1499.98
0.00833333 1499.99
0.00866667 1500
0.009 1500
0.00933333 1500
0.00966667 1500
0.01 1500
