0 1000.001645309101
0.0007790078917482112 1001.152866366063
0.001466473401471765 1017.28429718436
0.00195624193947448 1056.178219949519
0.002296062704179018 1100.766758770033
0.002522842670661101 1137.28070424611
0.002652324861163319 1159.854105285174
0.002739694276749142 1175.569412740028
0.002828774203017602 1191.85830410312
0.002970785193142918 1218.087928760485
0.003318478602765182 1281.092996755917
0.003885553080292333 1369.34267658459
0.004192667608461118 1406.147869002712
0.004391791089794105 1425.675162265298
0.004548684087625502 1438.789223685789
0.004682767984936775 1448.519278725235
0.004803100438200257 1456.177162443767
0.004915391907477226 1462.476405100183
0.005024003519858112 1467.852733519387
0.005132792402398147 1472.590295620254
0.005245720642358481 1476.883999155823
0.005367567487254149 1480.874496553549
0.005505187742092548 1484.671111471011
0.005670706257612508 1488.375671177148
0.005892583926662294 1492.126439566697
0.006253340068118039 1496.021371727952
0.00688396843300722 1498.978534415179
0.007662976324755416 1499.867654418904
0.008441984216503612 1499.989991083083
0.009220992108251806 1499.999626492741
0.01 1499.999990455223
