0 1014.43
0.000333333 1031.19
0.000666667 1058.2
0.001 1096.04
0.00133333 1143.01
0.00166667 1195.67
0.002 1249.75
0.00233333 1301.32
0.00266667 1347.47
0.003 1386.58
0.00333333 1418.18
0.00366667 1442.67
0.004 1460.96
0.00433333 1474.16
0.00466667 1483.38
0.005 1489.63
0.00533333 1493.72
0.00566667 1496.32
0.006 1497.92
0.00633333 1498.87
0.00666667 1499.41
0.007 1499.71
0.00733333 1499.86
0.00766667 1499.94
0.008 1499.97
0.00833333 1499.99
0.00866667 1500
0.009 1500
0.00933333 1500
0.00966667 1500
0.01 1500
