0 1001.78
0.000333333 1006.02
0.000666667 1016.18
0.001 1035.82
0.00133333 1067.43
0.00166667 1111.07
0.002 1163.95
0.00233333 1221.35
0.00266667 1278.15
0.003 1330.13
0.00333333 1374.66
0.00366667 1410.69
0.004 1438.46
0.00433333 1458.95
0.00466667 1473.48
0.005 1483.42
0.00533333 1489.98
0.00566667 1494.15
0.006 1496.71
0.00633333 1498.23
0.00666667 1499.08
0.007 1499.55
0.00733333 1499.79
0.00766667 1499.91
0.008 1499.96
0.00833333 1499.99
0.00866667 1499.99
0.009 1500
0.00933333 1500
0.00966667 1500
0.01 1500
