0 1000
0.000333333 1000
0.000666667 1000
0.001 1000
0.00133333 1000.03
0.00166667 1000.33
0.002 1002.13
0.00233333 1009.01
0.00266667 1027.23
0.003 1062.87
0.00333333 1117.24
0.00366667 1185.04
0.004 1256.83
0.00433333 1323.46
0.00466667 1379
0.005 1421.39
0.00533333 1451.46
0.00566667 1471.47
0.006 1484.04
0.00633333 1491.52
0.00666667 1495.73
0.007 1497.98
0.00733333 1499.1
0.00766667 1499.63
0.008 1499.86
0.00833333 1499.95
0.00866667 1499.98
0.009 1500
0.00933333 1500
0.00966667 1500
0.01 1500
