0 -1.99147e+68
0.000333333 8.24464e+47
0.000666667 -1.81584e+30
0.001 -1.67708e+13
0.00133333 998.417
0.00166667 1000
0.002 1000
0.00233333 1000
0.00266667 1000
0.003 1000
0.00333333 1000
0.00366667 1000
0.004 1000
0.00433333 1000
0.00466667 1000
0.005 1000
0.00533333 1000.11
0.00566667 1003.53
0.006 1031.61
0.00633333 1116.76
0.00666667 1244.19
0.007 1360.79
0.00733333 1436.72
0.00766667 1475.53
0.008 1491.93
0.00833333 1497.76
0.00866667 1499.49
0.009 1499.91
0.00933333 1499.99
0.00966667 1500
0.01 1500
