0 1011.44
6.23053e-05 1013.61
0.000404984 1031.11
0.000747664 1059.44
0.00109034 1098.81
0.00143302 1147.15
0.0017757 1200.73
0.00211838 1255.26
0.00246106 1306.88
0.00280374 1352.81
0.00314642 1391.53
0.0034891 1422.66
0.00383178 1446.62
0.00417445 1464.34
0.00451713 1476.97
0.00485981 1485.64
0.00520249 1491.38
0.00554517 1495.03
0.00588785 1497.26
0.00623053 1498.56
0.00657321 1499.28
0.00691589 1499.66
0.00725857 1499.85
0.00760125 1499.94
0.00794393 1499.98
0.0082866 1499.99
0.00862928 1500
0.00897196 1500
0.00931464 1500
0.00965732 1500
0.01 1500
