0 1000
0.000333333 1000
0.000666667 1000.01
0.001 1000.09
0.00133333 1000.72
0.00166667 1003.61
0.002 1012.72
0.00233333 1033.73
0.00266667 1071.13
0.003 1124.93
0.00333333 1189.87
0.00366667 1257.79
0.004 1320.97
0.00433333 1374.34
0.00466667 1415.97
0.005 1446.32
0.00533333 1467.2
0.00566667 1480.83
0.006 1489.29
0.00633333 1494.3
0.00666667 1497.12
0.007 1498.62
0.00733333 1499.38
0.00766667 1499.74
0.008 1499.9
0.00833333 1499.96
0.00866667 1499.99
0.009 1500
0.00933333 1500
0.00966667 1500
0.01 1500
