0 1000.04
0.000333333 1000.3
0.000666667 1001.55
0.001 1005.85
0.00133333 1016.91
0.00166667 1039.1
0.002 1075.32
0.00233333 1125.01
0.00266667 1184
0.003 1246.08
0.00333333 1305.2
0.00366667 1356.97
0.004 1399.23
0.00433333 1431.73
0.00466667 1455.46
0.005 1472
0.00533333 1483.04
0.00566667 1490.11
0.006 1494.47
0.00633333 1497.04
0.00666667 1498.49
0.007 1499.27
0.00733333 1499.66
0.00766667 1499.86
0.008 1499.94
0.00833333 1499.98
0.00866667 1499.99
0.009 1500
0.00933333 1500
0.00966667 1500
0.01 1500
