0 1107.59
0.000333333 1150.76
0.000666667 1197.95
0.001 1246.13
0.00133333 1292.51
0.00166667 1334.91
0.002 1371.99
0.00233333 1403.15
0.00266667 1428.44
0.003 1448.33
0.00333333 1463.53
0.00366667 1474.83
0.004 1483.03
0.00433333 1488.82
0.00466667 1492.82
0.005 1495.51
0.00533333 1497.26
0.00566667 1498.38
0.006 1499.07
0.00633333 1499.49
0.00666667 1499.73
0.007 1499.86
0.00733333 1499.93
0.00766667 1499.97
0.008 1499.99
0.00833333 1499.99
0.00866667 1500
0.009 1500
0.00933333 1500
0.00966667 1500
0.01 1500
