0 1000
0.000333333 1000
0.000666667 1000
0.001 1000
0.00133333 1000
0.00166667 1000
0.002 1000
0.00233333 1000.08
0.00266667 1000.87
0.003 1005.31
0.00333333 1020.57
0.00366667 1055.65
0.004 1114.17
0.00433333 1189.75
0.00466667 1269.49
0.005 1341.17
0.00533333 1397.94
0.00566667 1438.53
0.006 1465.19
0.00633333 1481.45
0.00666667 1490.71
0.007 1495.65
0.00733333 1498.11
0.00766667 1499.24
0.008 1499.72
0.00833333 1499.91
0.00866667 1499.97
0.009 1499.99
0.00933333 1500
0.00966667 1500
0.01 1500
