0 1166.88
0.000333333 1212.56
0.000666667 1258.33
0.001 1301.88
0.00133333 1341.48
0.00166667 1376.09
0.002 1405.28
0.00233333 1429.14
0.00266667 1448.09
0.003 1462.75
0.00333333 1473.82
0.00366667 1481.99
0.004 1487.87
0.00433333 1492.01
0.00466667 1494.86
0.005 1496.78
0.00533333 1498.03
0.00566667 1498.83
0.006 1499.33
0.00633333 1499.62
0.00666667 1499.8
0.007 1499.9
0.00733333 1499.95
0.00766667 1499.98
0.008 1499.99
0.00833333 1500
0.00866667 1500
0.009 1500
0.00933333 1500
0.00966667 1500
0.01 1500
