0 1000.01
0.000333333 1000.06
0.000666667 1000.45
0.001 1002.27
0.00133333 1008.2
0.00166667 1022.62
0.002 1050.07
0.00233333 1092.57
0.00266667 1148.01
0.003 1210.75
0.00333333 1273.85
0.00366667 1331.44
0.004 1379.88
0.00433333 1417.95
0.00466667 1446.17
0.005 1466.04
0.00533333 1479.4
0.00566667 1487.99
0.006 1493.29
0.00633333 1496.41
0.00666667 1498.17
0.007 1499.12
0.00733333 1499.6
0.00766667 1499.83
0.008 1499.93
0.00833333 1499.97
0.00866667 1499.99
0.009 1500
0.00933333 1500
0.00966667 1500
0.01 1500
