0 1387.9
0.000333333 1410.53
0.000666667 1429.61
0.001 1445.41
0.00133333 1458.25
0.00166667 1468.52
0.002 1476.6
0.00233333 1482.85
0.00266667 1487.62
0.003 1491.19
0.00333333 1493.84
0.00366667 1495.76
0.004 1497.13
0.00433333 1498.09
0.00466667 1498.76
0.005 1499.21
0.00533333 1499.51
0.00566667 1499.7
0.006 1499.82
0.00633333 1499.9
0.00666667 1499.94
0.007 1499.97
0.00733333 1499.98
0.00766667 1499.99
0.008 1500
0.00833333 1500
0.00866667 1500
0.009 1500
0.00933333 1500
0.00966667 1500
0.01 1500
