0 4.01954e+90
0.000333333 -5.46236e+67
0.000666667 2.29907e+47
0.001 2.0552e+27
0.00133333 7.67858e+10
0.00166667 999.993
0.002 1000
0.00233333 1000
0.00266667 1000
0.003 1000
0.00333333 1000
0.00366667 1000
0.004 1000
0.00433333 1000
0.00466667 1000
0.005 1000
0.00533333 1000.01
0.00566667 1000.9
0.006 1014.68
0.00633333 1077.65
0.00666667 1199.42
0.007 1328.88
0.00733333 1420.29
0.00766667 1468.87
0.008 1489.73
0.00833333 1497.17
0.00866667 1499.37
0.009 1499.89
0.00933333 1499.99
0.00966667 1500
0.01 1500
