0 1000
0.000333333 1000
0.000666667 1000
0.001 1000
0.00133333 1000.04
0.00166667 1000.41
0.002 1002.48
0.00233333 1010.09
0.00266667 1029.59
0.003 1066.72
0.00333333 1122.24
0.00366667 1190.43
0.004 1261.85
0.00433333 1327.59
0.00466667 1382.07
0.005 1423.51
0.00533333 1452.81
0.00566667 1472.28
0.006 1484.5
0.00633333 1491.76
0.00666667 1495.85
0.007 1498.03
0.00733333 1499.13
0.00766667 1499.64
0.008 1499.86
0.00833333 1499.95
0.00866667 1499.98
0.009 1500
0.00933333 1500
0.00966667 1500
0.01 1500
