0 1000
0.000333333 1000
0.000666667 1000
0.001 1000
0.00133333 1000
0.00166667 1000
0.002 1000.05
0.00233333 1000.61
0.00266667 1003.81
0.003 1015.36
0.00333333 1043.49
0.00366667 1093.37
0.004 1161.95
0.00433333 1238.89
0.00466667 1312.3
0.005 1373.83
0.00533333 1420.3
0.00566667 1452.52
0.006 1473.27
0.00633333 1485.78
0.00666667 1492.88
0.007 1496.65
0.00733333 1498.53
0.00766667 1499.41
0.008 1499.78
0.00833333 1499.93
0.00866667 1499.98
0.009 1499.99
0.00933333 1500
0.00966667 1500
0.01 1500
