0 1000
0.000333333 1000.03
0.000666667 1000.25
0.001 1001.45
0.00133333 1005.84
0.00166667 1017.51
0.002 1041.35
0.00233333 1080.4
0.00266667 1133.63
0.003 1195.94
0.00333333 1260.25
0.00366667 1320.07
0.004 1371.1
0.00433333 1411.61
0.00466667 1441.86
0.005 1463.26
0.00533333 1477.69
0.00566667 1486.99
0.006 1492.73
0.00633333 1496.12
0.00666667 1498.03
0.007 1499.05
0.00733333 1499.57
0.00766667 1499.82
0.008 1499.93
0.00833333 1499.97
0.00866667 1499.99
0.009 1500
0.00933333 1500
0.00966667 1500
0.01 1500
