0 1000
0.000887345 1000
0.00177469 1000
0.00266203 1000.14
0.00311516 1003.34
0.00331741 1009.01
0.00344854 1015.51
0.00355596 1022.99
0.00365226 1031.6
0.00374305 1041.51
0.00383194 1052.97
0.00392209 1066.36
0.00401715 1082.38
0.00412338 1102.39
0.0042624 1131.51
0.00455627 1200.15
0.004938 1290.86
0.00512399 1330.87
0.00526602 1358.42
0.00539819 1381.44
0.00552894 1401.63
0.00566345 1419.73
0.00580672 1436.17
0.00596519 1451.21
0.00614931 1465
0.00638115 1477.68
0.00672467 1489.28
0.00733797 1497.69
0.00822531 1499.87
0.00911266 1500
0.01 1500
