0 1000
0.000333333 1000
0.000666667 1000
0.001 1000
0.00133333 1000
0.00166667 1000.08
0.002 1000.71
0.00233333 1003.99
0.00266667 1015.05
0.003 1041.12
0.00333333 1086.98
0.00366667 1150.63
0.004 1223.61
0.00433333 1295.35
0.00466667 1357.63
0.005 1406.55
0.00533333 1441.9
0.00566667 1465.72
0.006 1480.79
0.00633333 1489.8
0.00666667 1494.88
0.007 1497.58
0.00733333 1498.93
0.00766667 1499.56
0.008 1499.83
0.00833333 1499.94
0.00866667 1499.98
0.009 1500
0.00933333 1500
0.00966667 1500
0.01 1500
