0 -2.57276e+91
0.000333333 2.88314e+68
0.000666667 -9.83285e+47
0.001 -6.96886e+27
0.00133333 -2.00695e+11
0.00166667 1000.01
0.002 1000
0.00233333 1000
0.00266667 1000
0.003 1000
0.00333333 1000
0.00366667 1000
0.004 1000
0.00433333 1000
0.00466667 1000
0.005 1000
0.00533333 1000.01
0.00566667 1000.86
0.006 1014.25
0.00633333 1076.44
0.00666667 1197.88
0.007 1327.7
0.00733333 1419.67
0.00766667 1468.62
0.008 1489.65
0.00833333 1497.15
0.00866667 1499.36
0.009 1499.89
0.00933333 1499.99
0.00966667 1500
0.01 1500
