0 -1.1873e+35
0.000333333 1.89078e+19
0.000666667 -4.96277e+06
0.001 1000
0.00133333 1000
0.00166667 1000
0.002 1000
0.00233333 1000
0.00266667 1000
0.003 1000
0.00333333 1000
0.00366667 1000
0.004 1000
0.00433333 1000
0.00466667 1000
0.005 1000.06
0.00533333 1002.09
0.00566667 1020.52
0.006 1084.82
0.00633333 1196.97
0.00666667 1316.31
0.007 1405.98
0.00733333 1458.57
0.00766667 1484.14
0.008 1494.75
0.00833333 1498.52
0.00866667 1499.66
0.009 1499.94
0.00933333 1499.99
0.00966667 1500
0.01 1500
