0 1100.89
0.000333333 1143.36
0.000666667 1190.37
0.001 1238.86
0.00133333 1285.93
0.00166667 1329.25
0.002 1367.32
0.00233333 1399.45
0.00266667 1425.61
0.003 1446.24
0.00333333 1462.03
0.00366667 1473.79
0.004 1482.32
0.00433333 1488.36
0.00466667 1492.52
0.005 1495.32
0.00533333 1497.15
0.00566667 1498.32
0.006 1499.04
0.00633333 1499.47
0.00666667 1499.72
0.007 1499.86
0.00733333 1499.93
0.00766667 1499.97
0.008 1499.99
0.00833333 1499.99
0.00866667 1500
0.009 1500
0.00933333 1500
0.00966667 1500
0.01 1500
