0 1186.78
0.000333333 1232.13
0.000666667 1276.56
0.001 1318.07
0.00133333 1355.26
0.00166667 1387.39
0.002 1414.24
0.00233333 1436.03
0.00266667 1453.24
0.003 1466.5
0.00333333 1476.48
0.00366667 1483.82
0.004 1489.11
0.00433333 1492.83
0.00466667 1495.38
0.005 1497.1
0.00533333 1498.23
0.00566667 1498.95
0.006 1499.39
0.00633333 1499.66
0.00666667 1499.82
0.007 1499.9
0.00733333 1499.95
0.00766667 1499.98
0.008 1499.99
0.00833333 1500
0.00866667 1500
0.009 1500
0.00933333 1500
0.00966667 1500
0.01 1500
