0 2.51968e+60
0.000333333 -9.7967e+40
0.000666667 2.53506e+24
0.001 3.66462e+08
0.00133333 1000
0.00166667 1000
0.002 1000
0.00233333 1000
0.00266667 1000
0.003 1000
0.00333333 1000
0.00366667 1000
0.004 1000
0.00433333 1000
0.00466667 1000
0.005 1000
0.00533333 1000.22
0.00566667 1005.52
0.006 1040.61
0.00633333 1133.37
0.00666667 1260.82
0.007 1371.81
0.00733333 1442.19
0.00766667 1477.71
0.008 1492.64
0.00833333 1497.95
0.00866667 1499.53
0.009 1499.92
0.00933333 1499.99
0.00966667 1500
0.01 1500
