0 1132.45
0.000333333 1177.41
0.000666667 1224.57
0.001 1271.14
0.00133333 1314.79
0.00166667 1353.85
0.002 1387.43
0.00233333 1415.28
0.00266667 1437.66
0.003 1455.12
0.00333333 1468.39
0.00366667 1478.22
0.004 1485.32
0.00433333 1490.33
0.00466667 1493.79
0.005 1496.11
0.00533333 1497.63
0.00566667 1498.59
0.006 1499.19
0.00633333 1499.55
0.00666667 1499.76
0.007 1499.88
0.00733333 1499.94
0.00766667 1499.97
0.008 1499.99
0.00833333 1499.99
0.00866667 1500
0.009 1500
0.00933333 1500
0.00966667 1500
0.01 1500
