0 1000.03
0.000333333 1000.23
0.000666667 1001.28
0.001 1005.05
0.00133333 1015.11
0.00166667 1035.92
0.002 1070.7
0.00233333 1119.32
0.00266667 1177.89
0.003 1240.24
0.00333333 1300.12
0.00366667 1352.89
0.004 1396.18
0.00433333 1429.57
0.00466667 1454.01
0.005 1471.07
0.00533333 1482.47
0.00566667 1489.79
0.006 1494.29
0.00633333 1496.94
0.00666667 1498.44
0.007 1499.24
0.00733333 1499.65
0.00766667 1499.85
0.008 1499.94
0.00833333 1499.98
0.00866667 1499.99
0.009 1500
0.00933333 1500
0.00966667 1500
0.01 1500
