0 1000
0.000333333 1000.02
0.000666667 1000.2
0.001 1001.21
0.00133333 1005.06
0.00166667 1015.72
0.002 1038.16
0.00233333 1075.78
0.00266667 1128.02
0.003 1190.04
0.00333333 1254.74
0.00366667 1315.4
0.004 1367.47
0.00433333 1408.98
0.00466667 1440.06
0.005 1462.09
0.00533333 1476.97
0.00566667 1486.57
0.006 1492.5
0.00633333 1495.99
0.00666667 1497.96
0.007 1499.02
0.00733333 1499.56
0.00766667 1499.81
0.008 1499.93
0.00833333 1499.97
0.00866667 1499.99
0.009 1500
0.00933333 1500
0.00966667 1500
0.01 1500
