0 1000
0.000333333 1000
0.000666667 1000
0.001 1000
0.00133333 1000.01
0.00166667 1000.12
0.002 1001.01
0.00233333 1005.2
0.00266667 1018.25
0.003 1047.2
0.00333333 1095.84
0.00366667 1161.06
0.004 1233.92
0.00433333 1304.22
0.00466667 1364.45
0.005 1411.33
0.00533333 1444.99
0.00566667 1467.59
0.006 1481.85
0.00633333 1490.36
0.00666667 1495.15
0.007 1497.71
0.00733333 1498.99
0.00766667 1499.58
0.008 1499.84
0.00833333 1499.95
0.00866667 1499.98
0.009 1500
0.00933333 1500
0.00966667 1500
0.01 1500
