0 1307.81
0.000333333 1342.86
0.000666667 1373.89
0.001 1400.6
0.00133333 1423
0.00166667 1441.36
0.002 1456.09
0.00233333 1467.66
0.00266667 1476.57
0.003 1483.32
0.00333333 1488.33
0.00366667 1491.98
0.004 1494.6
0.00433333 1496.43
0.00466667 1497.69
0.005 1498.54
0.00533333 1499.1
0.00566667 1499.46
0.006 1499.68
0.00633333 1499.82
0.00666667 1499.9
0.007 1499.95
0.00733333 1499.97
0.00766667 1499.99
0.008 1499.99
0.00833333 1500
0.00866667 1500
0.009 1500
0.00933333 1500
0.00966667 1500
0.01 1500
