0 1000
0.000333333 1000
0.000666667 1000
0.001 1000
0.00133333 1000
0.00166667 1000.04
0.002 1000.44
0.00233333 1002.81
0.00266667 1011.67
0.003 1034.27
0.00333333 1076.51
0.00366667 1137.88
0.004 1210.68
0.00433333 1284.01
0.00466667 1348.8
0.005 1400.31
0.00533333 1437.84
0.00566667 1463.26
0.006 1479.4
0.00633333 1489.05
0.00666667 1494.51
0.007 1497.41
0.00733333 1498.86
0.00766667 1499.53
0.008 1499.82
0.00833333 1499.94
0.00866667 1499.98
0.009 1499.99
0.00933333 1500
0.00966667 1500
0.01 1500
