0 1.19765e+38
0.000333333 -6.32852e+21
0.000666667 4.84983e+08
0.001 1000
0.00133333 1000
0.00166667 1000
0.002 1000
0.00233333 1000
0.00266667 1000
0.003 1000
0.00333333 1000
0.00366667 1000
0.004 1000
0.00433333 1000
0.00466667 1000
0.005 1000.04
0.00533333 1001.63
0.00566667 1017.71
0.006 1078.11
0.00633333 1188.58
0.00666667 1309.58
0.007 1402.02
0.00733333 1456.71
0.00766667 1483.42
0.008 1494.51
0.00833333 1498.46
0.00866667 1499.64
0.009 1499.93
0.00933333 1499.99
0.00966667 1500
0.01 1500
