0 1194.82
0.000333333 1239.91
0.000666667 1283.7
0.001 1324.34
0.00133333 1360.56
0.00166667 1391.7
0.002 1417.64
0.00233333 1438.63
0.00266667 1455.18
0.003 1467.91
0.00333333 1477.48
0.00366667 1484.51
0.004 1489.57
0.00433333 1493.13
0.00466667 1495.58
0.005 1497.22
0.00533333 1498.3
0.00566667 1498.99
0.006 1499.42
0.00633333 1499.67
0.00666667 1499.82
0.007 1499.91
0.00733333 1499.95
0.00766667 1499.98
0.008 1499.99
0.00833333 1500
0.00866667 1500
0.009 1500
0.00933333 1500
0.00966667 1500
0.01 1500
