0 1000
0.000333333 1000
0.000666667 1000.02
0.001 1000.3
0.00133333 1002.08
0.00166667 1008.54
0.002 1024.64
0.00233333 1054.86
0.00266667 1100.48
0.003 1158.44
0.00333333 1222.52
0.00366667 1285.74
0.004 1342.51
0.00433333 1389.61
0.00466667 1426.1
0.005 1452.73
0.00533333 1471.11
0.00566667 1483.17
0.006 1490.68
0.00633333 1495.11
0.00666667 1497.59
0.007 1498.89
0.00733333 1499.53
0.00766667 1499.82
0.008 1499.94
0.00833333 1499.98
0.00866667 1499.99
0.009 1500
0.00933333 1500
0.00966667 1500
0.01 1500
