0 1004.4
0.000333333 1012.27
0.000666667 1028.17
0.001 1054.91
0.00133333 1093.4
0.00166667 1141.98
0.002 1196.8
0.00233333 1253.07
0.00266667 1306.38
0.003 1353.58
0.00333333 1393
0.00366667 1424.31
0.004 1448.12
0.00433333 1465.51
0.00466667 1477.77
0.005 1486.11
0.00533333 1491.6
0.00566667 1495.09
0.006 1497.24
0.00633333 1498.5
0.00666667 1499.22
0.007 1499.62
0.00733333 1499.82
0.00766667 1499.92
0.008 1499.97
0.00833333 1499.99
0.00866667 1500
0.009 1500
0.00933333 1500
0.00966667 1500
0.01 1500
