0 1038.06
0.000333333 1066.76
0.000666667 1105.18
0.001 1151.42
0.00133333 1202.24
0.00166667 1253.9
0.002 1303.01
0.00233333 1347.08
0.00266667 1384.71
0.003 1415.47
0.00333333 1439.66
0.00366667 1458.05
0.004 1471.58
0.00433333 1481.25
0.00466667 1487.95
0.005 1492.48
0.00533333 1495.44
0.00566667 1497.32
0.006 1498.48
0.00633333 1499.17
0.00666667 1499.56
0.007 1499.78
0.00733333 1499.89
0.00766667 1499.95
0.008 1499.98
0.00833333 1499.99
0.00866667 1500
0.009 1500
0.00933333 1500
0.00966667 1500
0.01 1500
