0 1000
0.000333333 1000.01
0.000666667 1000.09
0.001 1000.67
0.00133333 1003.22
0.00166667 1011.18
0.002 1029.58
0.00233333 1062.82
0.00266667 1111.73
0.003 1172.46
0.00333333 1238
0.00366667 1301.04
0.004 1356.17
0.00433333 1400.71
0.00466667 1434.38
0.005 1458.41
0.00533333 1474.7
0.00566667 1485.24
0.006 1491.76
0.00633333 1495.6
0.00666667 1497.77
0.007 1498.93
0.00733333 1499.51
0.00766667 1499.79
0.008 1499.92
0.00833333 1499.97
0.00866667 1499.99
0.009 1500
0.00933333 1500
0.00966667 1500
0.01 1500
