0 1000.49
0.000333333 1002.2
0.000666667 1007.38
0.001 1019.54
0.00133333 1042.47
0.00166667 1078.38
0.002 1126.47
0.00233333 1182.96
0.00266667 1242.38
0.003 1299.38
0.00333333 1349.97
0.00366667 1392.01
0.004 1425.03
0.00433333 1449.74
0.00466667 1467.43
0.005 1479.6
0.00533333 1487.66
0.00566667 1492.81
0.006 1495.96
0.00633333 1497.83
0.00666667 1498.88
0.007 1499.45
0.00733333 1499.75
0.00766667 1499.89
0.008 1499.95
0.00833333 1499.98
0.00866667 1499.99
0.009 1500
0.00933333 1500
0.00966667 1500
0.01 1500
