0 1147.47
0.000333333 1192.97
0.000666667 1239.69
0.001 1285.03
0.00133333 1326.94
0.00166667 1364.03
0.002 1395.64
0.00233333 1421.68
0.00266667 1442.48
0.003 1458.66
0.00333333 1470.91
0.00366667 1479.97
0.004 1486.51
0.00433333 1491.11
0.00466667 1494.29
0.005 1496.42
0.00533333 1497.81
0.00566667 1498.7
0.006 1499.26
0.00633333 1499.59
0.00666667 1499.78
0.007 1499.89
0.00733333 1499.94
0.00766667 1499.97
0.008 1499.99
0.00833333 1499.99
0.00866667 1500
0.009 1500
0.00933333 1500
0.00966667 1500
0.01 1500
