0 1000
0.000936661 1000
0.00187332 1000.03
0.0024194 1001.92
0.00264793 1006.03
0.0027857 1010.75
0.00289683 1016.26
0.00299678 1022.76
0.00309181 1030.48
0.00318575 1039.69
0.00328177 1050.79
0.0033834 1064.42
0.00349578 1081.68
0.00363 1105.07
0.00383775 1146.19
0.00426511 1240.09
0.00455571 1302.09
0.00472144 1334.27
0.00486399 1359.5
0.00500228 1381.58
0.00514258 1401.5
0.00528952 1419.7
0.00544808 1436.42
0.00562516 1451.78
0.00583255 1465.87
0.00609641 1478.75
0.00649459 1490.38
0.00719002 1498.13
0.00812668 1499.89
0.00906334 1500
0.01 1500
