0 1000.08
0.000333333 1000.53
0.000666667 1002.43
0.001 1008.3
0.00133333 1022.09
0.00166667 1047.85
0.002 1087.56
0.00233333 1139.64
0.00266667 1199.35
0.003 1260.53
0.00333333 1317.61
0.00366667 1366.84
0.004 1406.59
0.00433333 1436.91
0.00466667 1458.92
0.005 1474.2
0.00533333 1484.38
0.00566667 1490.9
0.006 1494.9
0.00633333 1497.27
0.00666667 1498.6
0.007 1499.32
0.00733333 1499.69
0.00766667 1499.87
0.008 1499.95
0.00833333 1499.98
0.00866667 1499.99
0.009 1500
0.00933333 1500
0.00966667 1500
0.01 1500
