0 1000
0.000333333 1000
0.000666667 1000.01
0.001 1000.11
0.00133333 1000.8
0.00166667 1003.89
0.002 1013.44
0.00233333 1035.13
0.00266667 1073.26
0.003 1127.59
0.00333333 1192.7
0.00366667 1260.42
0.004 1323.16
0.00433333 1376.01
0.00466667 1417.15
0.005 1447.11
0.00533333 1467.69
0.00566667 1481.12
0.006 1489.45
0.00633333 1494.39
0.00666667 1497.16
0.007 1498.64
0.00733333 1499.39
0.00766667 1499.74
0.008 1499.9
0.00833333 1499.96
0.00866667 1499.99
0.009 1500
0.00933333 1500
0.00966667 1500
0.01 1500
