0 -4.06852e+86
0.000333333 1.45593e+64
0.000666667 -1.76344e+44
0.001 -5.06624e+24
0.00133333 -7.01993e+08
0.00166667 1000
0.002 1000
0.00233333 1000
0.00266667 1000
0.003 1000
0.00333333 1000
0.00366667 1000
0.004 1000
0.00433333 1000
0.00466667 1000
0.005 1000
0.00533333 1000.02
0.00566667 1001.17
0.006 1016.95
0.00633333 1083.84
0.00666667 1207.17
0.007 1334.66
0.00733333 1423.34
0.00766667 1470.12
0.008 1490.15
0.00833333 1497.28
0.00866667 1499.39
0.009 1499.89
0.00933333 1499.99
0.00966667 1500
0.01 1500
