0 1000
0.000333333 1000
0.000666667 1000
0.001 1000
0.00133333 1000.03
0.00166667 1000.3
0.002 1001.96
0.00233333 1008.5
0.00266667 1026.1
0.003 1060.99
0.00333333 1114.77
0.00366667 1182.35
0.004 1254.31
0.00433333 1321.37
0.00466667 1377.43
0.005 1420.32
0.00533333 1450.78
0.00566667 1471.06
0.006 1483.81
0.00633333 1491.4
0.00666667 1495.67
0.007 1497.95
0.00733333 1499.09
0.00766667 1499.62
0.008 1499.86
0.00833333 1499.95
0.00866667 1499.98
0.009 1500
0.00933333 1500
0.00966667 1500
0.01 1500
