0 1000
0.000333333 1000
0.000666667 1000
0.001 1000
0.00133333 1000
0.00166667 1000.02
0.002 1000.24
0.00233333 1001.8
0.00266667 1008.42
0.003 1027.12
0.00333333 1064.89
0.00366667 1123.08
0.004 1195.15
0.00433333 1270.07
0.00466667 1337.77
0.005 1392.43
0.00533333 1432.67
0.00566667 1460.11
0.006 1477.61
0.00633333 1488.1
0.00666667 1494.03
0.007 1497.19
0.00733333 1498.76
0.00766667 1499.5
0.008 1499.81
0.00833333 1499.94
0.00866667 1499.98
0.009 1499.99
0.00933333 1500
0.00966667 1500
0.01 1500
