0 1243.13
0.000333333 1285.23
0.000666667 1324.34
0.001 1359.34
0.00133333 1389.63
0.00166667 1415.08
0.002 1435.9
0.00233333 1452.51
0.00266667 1465.46
0.003 1475.34
0.00333333 1482.73
0.00366667 1488.13
0.004 1492.01
0.00433333 1494.73
0.00466667 1496.6
0.005 1497.86
0.00533333 1498.69
0.00566667 1499.21
0.006 1499.54
0.00633333 1499.74
0.00666667 1499.86
0.007 1499.93
0.00733333 1499.96
0.00766667 1499.98
0.008 1499.99
0.00833333 1500
0.00866667 1500
0.009 1500
0.00933333 1500
0.00966667 1500
0.01 1500
