0 1000
0.000777527 1000
0.00155505 1000
0.00233258 1000.26
0.00274791 1003.64
0.00296287 1009.76
0.00311448 1017.46
0.00322989 1025.74
0.00331772 1033.65
0.00339689 1042.04
0.00349378 1054
0.00365257 1077.58
0.00400719 1145.63
0.00474133 1309.08
0.00514 1381.35
0.00536465 1412.88
0.0055304 1431.91
0.00566734 1445.1
0.00578818 1455
0.00589995 1462.84
0.00600742 1469.29
0.00611458 1474.78
0.00622566 1479.59
0.0063466 1483.93
0.00648875 1488
0.00668206 1492.11
0.00702204 1496.46
0.00766742 1499.41
0.00844495 1499.96
0.00922247 1500
0.01 1500
