0 1000.07
0.000333333 1000.47
0.000666667 1002.23
0.001 1007.76
0.00133333 1020.97
0.00166667 1046.01
0.002 1085.03
0.00233333 1136.67
0.00266667 1196.27
0.003 1257.66
0.00333333 1315.16
0.00366667 1364.9
0.004 1405.15
0.00433333 1435.9
0.00466667 1458.25
0.005 1473.77
0.00533333 1484.12
0.00566667 1490.75
0.006 1494.82
0.00633333 1497.22
0.00666667 1498.58
0.007 1499.31
0.00733333 1499.68
0.00766667 1499.86
0.008 1499.94
0.00833333 1499.98
0.00866667 1499.99
0.009 1500
0.00933333 1500
0.00966667 1500
0.01 1500
