0 3.69892e+67
0.000333333 -1.87396e+47
0.000666667 5.15218e+29
0.001 6.09254e+12
0.00133333 1000.76
0.00166667 1000
0.002 1000
0.00233333 1000
0.00266667 1000
0.003 1000
0.00333333 1000
0.00366667 1000
0.004 1000
0.00433333 1000
0.00466667 1000
0.005 1000
0.00533333 1000.11
0.00566667 1003.68
0.006 1032.37
0.00633333 1118.24
0.00666667 1245.72
0.007 1361.81
0.00733333 1437.23
0.00766667 1475.73
0.008 1492
0.00833333 1497.78
0.00866667 1499.5
0.009 1499.91
0.00933333 1499.99
0.00966667 1500
0.01 1500
