0 1000
0.000333333 1000
0.000666667 1000
0.001 1000.01
0.00133333 1000.1
0.00166667 1000.8
0.002 1004.14
0.00233333 1014.72
0.00266667 1038.94
0.003 1081.2
0.00333333 1140.33
0.00366667 1209.41
0.004 1279.13
0.00433333 1341.61
0.00466667 1392.42
0.005 1430.55
0.00533333 1457.29
0.00566667 1474.95
0.006 1486
0.00633333 1492.56
0.00666667 1496.25
0.007 1498.22
0.00733333 1499.21
0.00766667 1499.67
0.008 1499.87
0.00833333 1499.96
0.00866667 1499.99
0.009 1500
0.00933333 1500
0.00966667 1500
0.01 1500
