0 1012.64
0.000333333 1028.1
0.000666667 1053.68
0.001 1090.23
0.00133333 1136.38
0.00166667 1188.8
0.002 1243.21
0.00233333 1295.53
0.00266667 1342.64
0.003 1382.76
0.00333333 1415.3
0.00366667 1440.59
0.004 1459.52
0.00433333 1473.19
0.00466667 1482.76
0.005 1489.23
0.00533333 1493.49
0.00566667 1496.19
0.006 1497.85
0.00633333 1498.83
0.00666667 1499.39
0.007 1499.7
0.00733333 1499.86
0.00766667 1499.94
0.008 1499.97
0.00833333 1499.99
0.00866667 1500
0.009 1500
0.00933333 1500
0.00966667 1500
0.01 1500
