0 1000
0.000333333 1000
0.000666667 1000
0.001 1000
0.00133333 1000.01
0.00166667 1000.17
0.002 1001.31
0.00233333 1006.28
0.00266667 1020.96
0.003 1052.12
0.00333333 1102.76
0.00366667 1168.98
0.004 1241.61
0.00433333 1310.75
0.00466667 1369.43
0.005 1414.78
0.00533333 1447.22
0.00566667 1468.93
0.006 1482.61
0.00633333 1490.76
0.00666667 1495.36
0.007 1497.8
0.00733333 1499.03
0.00766667 1499.6
0.008 1499.85
0.00833333 1499.95
0.00866667 1499.98
0.009 1500
0.00933333 1500
0.00966667 1500
0.01 1500
