0 1182.77
0.000333333 1228.23
0.000666667 1272.95
0.001 1314.89
0.00133333 1352.57
0.00166667 1385.19
0.002 1412.5
0.00233333 1434.69
0.00266667 1452.24
0.003 1465.78
0.00333333 1475.97
0.00366667 1483.47
0.004 1488.87
0.00433333 1492.67
0.00466667 1495.28
0.005 1497.04
0.00533333 1498.19
0.00566667 1498.92
0.006 1499.38
0.00633333 1499.65
0.00666667 1499.81
0.007 1499.9
0.00733333 1499.95
0.00766667 1499.98
0.008 1499.99
0.00833333 1500
0.00866667 1500
0.009 1500
0.00933333 1500
0.00966667 1500
0.01 1500
