0 1000.01
0.000333333 1000.07
0.000666667 1000.51
0.001 1002.47
0.00133333 1008.75
0.00166667 1023.77
0.002 1051.95
0.00233333 1095.11
0.00266667 1150.94
0.003 1213.71
0.00333333 1276.54
0.00366667 1333.66
0.004 1381.59
0.00433333 1419.18
0.00466667 1447
0.005 1466.57
0.00533333 1479.72
0.00566667 1488.18
0.006 1493.39
0.00633333 1496.47
0.00666667 1498.2
0.007 1499.13
0.00733333 1499.6
0.00766667 1499.83
0.008 1499.93
0.00833333 1499.98
0.00866667 1499.99
0.009 1500
0.00933333 1500
0.00966667 1500
0.01 1500
