0 1000
0.000333333 1000
0.000666667 1000
0.001 1000
0.00133333 1000
0.00166667 1000.03
0.002 1000.33
0.00233333 1002.26
0.00266667 1009.94
0.003 1030.55
0.00333333 1070.57
0.00366667 1130.41
0.004 1202.91
0.00433333 1277.08
0.00466667 1343.35
0.005 1396.42
0.00533333 1435.3
0.00566667 1461.71
0.006 1478.52
0.00633333 1488.59
0.00666667 1494.27
0.007 1497.3
0.00733333 1498.81
0.00766667 1499.51
0.008 1499.82
0.00833333 1499.94
0.00866667 1499.98
0.009 1499.99
0.00933333 1500
0.00966667 1500
0.01 1500
