0 1357.3
0.000333333 1385.09
0.000666667 1408.95
0.001 1428.97
0.00133333 1445.43
0.00166667 1458.71
0.002 1469.23
0.00233333 1477.41
0.00266667 1483.68
0.003 1488.39
0.00333333 1491.88
0.00366667 1494.42
0.004 1496.23
0.00433333 1497.5
0.00466667 1498.38
0.005 1498.97
0.00533333 1499.36
0.00566667 1499.61
0.006 1499.77
0.00633333 1499.87
0.00666667 1499.93
0.007 1499.96
0.00733333 1499.98
0.00766667 1499.99
0.008 1499.99
0.00833333 1500
0.00866667 1500
0.009 1500
0.00933333 1500
0.00966667 1500
0.01 1500
