0 1296.95
0.000333333 1333.4
0.000666667 1365.9
0.001 1394.04
0.00133333 1417.76
0.00166667 1437.27
0.002 1452.96
0.00233333 1465.33
0.00266667 1474.87
0.003 1482.1
0.00333333 1487.48
0.00366667 1491.4
0.004 1494.2
0.00433333 1496.17
0.00466667 1497.52
0.005 1498.44
0.00533333 1499.04
0.00566667 1499.42
0.006 1499.66
0.00633333 1499.81
0.00666667 1499.89
0.007 1499.94
0.00733333 1499.97
0.00766667 1499.99
0.008 1499.99
0.00833333 1500
0.00866667 1500
0.009 1500
0.00933333 1500
0.00966667 1500
0.01 1500
