0 1000.04
0.000333333 1000.33
0.000666667 1001.7
0.001 1006.29
0.00133333 1017.86
0.00166667 1040.76
0.002 1077.69
0.00233333 1127.89
0.00266667 1187.06
0.003 1248.99
0.00333333 1307.71
0.00366667 1358.98
0.004 1400.74
0.00433333 1432.79
0.00466667 1456.17
0.005 1472.45
0.00533333 1483.32
0.00566667 1490.28
0.006 1494.56
0.00633333 1497.08
0.00666667 1498.51
0.007 1499.28
0.00733333 1499.67
0.00766667 1499.86
0.008 1499.94
0.00833333 1499.98
0.00866667 1499.99
0.009 1500
0.00933333 1500
0.00966667 1500
0.01 1500
