0 1330.682934530274
6.230529595015642e-05 1336.761226298943
0.0004049844236760167 1367.919628721229
0.000747663551401877 1395.029721718873
0.001090342679127737 1418.039836509414
0.001433021806853598 1437.124282496819
0.001775700934579458 1452.61154795048
0.002118380062305318 1464.919911672201
0.002461059190031178 1474.50503287037
0.002803738317757038 1481.820825212003
0.003146417445482898 1487.292821297001
0.003489096573208757 1491.302120732041
0.003831775700934616 1494.177618138007
0.004174454828660475 1496.194261395413
0.004517133956386334 1497.575382332678
0.004859813084112193 1498.497523823577
0.00520249221183805 1499.096568998022
0.005545171339563907 1499.474314223817
0.005887850467289764 1499.704901272899
0.00623052959501562 1499.840736223268
0.006573208722741476 1499.917681753065
0.006915887850467331 1499.959426356994
0.007258566978193185 1499.981018463878
0.00760124610591904 1499.991612939771
0.007943925233644893 1499.99651709405
0.008286604361370745 1499.998646343638
0.008629283489096598 1499.999508505279
0.008971962616822449 1499.999832567316
0.0093146417445483 1499.999945468809
0.009657320872274151 1499.999982158284
0.01 1499.999993543239
