0 -6.91159e+66
0.000333333 4.28645e+46
0.000666667 -1.47176e+29
0.001 -2.22957e+12
0.00133333 999.63
0.00166667 1000
0.002 1000
0.00233333 1000
0.00266667 1000
0.003 1000
0.00333333 1000
0.00366667 1000
0.004 1000
0.00433333 1000
0.00466667 1000
0.005 1000
0.00533333 1000.12
0.00566667 1003.84
0.006 1033.14
0.00633333 1119.72
0.00666667 1247.24
0.007 1362.83
0.00733333 1437.74
0.00766667 1475.94
0.008 1492.06
0.00833333 1497.8
0.00866667 1499.5
0.009 1499.91
0.00933333 1499.99
0.00966667 1500
0.01 1500
