0 -4.86547e+20
0.000333333 2.96258e+07
0.000666667 999.994
0.001 1000
0.00133333 1000
0.00166667 1000
0.002 1000
0.00233333 1000
0.00266667 1000
0.003 1000
0.00333333 1000
0.00366667 1000
0.004 1000
0.00433333 1000
0.00466667 1000.01
0.005 1000.4
0.00533333 1006.64
0.00566667 1040.43
0.006 1123.94
0.00633333 1240.64
0.00666667 1349.15
0.007 1424.65
0.00733333 1467.17
0.00766667 1487.46
0.008 1495.83
0.00833333 1498.82
0.00866667 1499.72
0.009 1499.95
0.00933333 1499.99
0.00966667 1500
0.01 1500
