0 1.51194e+48
0.000333333 -2.52611e+30
0.000666667 4.16574e+15
0.001 1064.08
0.00133333 1000
0.00166667 1000
0.002 1000
0.00233333 1000
0.00266667 1000
0.003 1000
0.00333333 1000
0.00366667 1000
0.004 1000
0.00433333 1000
0.00466667 1000
0.005 1000.01
0.00533333 1000.68
0.00566667 1010.62
0.006 1058.65
0.00633333 1162.05
0.00666667 1287.22
0.007 1388.52
0.00733333 1450.31
0.00766667 1480.91
0.008 1493.69
0.00833333 1498.24
0.00866667 1499.59
0.009 1499.93
0.00933333 1499.99
0.00966667 1500
0.01 1500
