0 1000
0.000333333 1000
0.000666667 1000
0.001 1000.02
0.00133333 1000.18
0.00166667 1001.26
0.002 1005.8
0.00233333 1018.9
0.00266667 1046.7
0.003 1092.47
0.00333333 1153.74
0.00366667 1222.98
0.004 1291.16
0.00433333 1351.19
0.00466667 1399.4
0.005 1435.26
0.00533333 1460.27
0.00566667 1476.72
0.006 1486.99
0.00633333 1493.08
0.00666667 1496.51
0.007 1498.34
0.00733333 1499.26
0.00766667 1499.69
0.008 1499.88
0.00833333 1499.96
0.00866667 1499.99
0.009 1500
0.00933333 1500
0.00966667 1500
0.01 1500
