0 1000.16
0.000333333 1000.91
0.000666667 1003.71
0.001 1011.5
0.00133333 1028.33
0.00166667 1057.75
0.002 1100.72
0.00233333 1154.79
0.00266667 1214.77
0.003 1274.71
0.00333333 1329.58
0.00366667 1376.25
0.004 1413.53
0.00433333 1441.76
0.00466667 1462.15
0.005 1476.26
0.00533333 1485.63
0.00566667 1491.63
0.006 1495.31
0.00633333 1497.48
0.00666667 1498.71
0.007 1499.37
0.00733333 1499.71
0.00766667 1499.87
0.008 1499.95
0.00833333 1499.98
0.00866667 1499.99
0.009 1500
0.00933333 1500
0.00966667 1500
0.01 1500
