0 2.53231e+87
0.000333333 -7.46236e+64
0.000666667 7.31107e+44
0.001 1.66153e+25
0.00133333 1.76919e+09
0.00166667 999.999
0.002 1000
0.00233333 1000
0.00266667 1000
0.003 1000
0.00333333 1000
0.00366667 1000
0.004 1000
0.00433333 1000
0.00466667 1000
0.005 1000
0.00533333 1000.01
0.00566667 1001.11
0.006 1016.48
0.00633333 1082.58
0.00666667 1205.62
0.007 1333.52
0.00733333 1422.73
0.00766667 1469.87
0.008 1490.07
0.00833333 1497.26
0.00866667 1499.39
0.009 1499.89
0.00933333 1499.99
0.00966667 1500
0.01 1500
