0 1019.74
0.000333333 1039.89
0.000666667 1070.48
0.001 1111.28
0.00133333 1159.99
0.00166667 1212.9
0.002 1265.9
0.00233333 1315.46
0.00266667 1359.14
0.003 1395.73
0.00333333 1425.03
0.00366667 1447.61
0.004 1464.39
0.00433333 1476.45
0.00466667 1484.86
0.005 1490.55
0.00533333 1494.28
0.00566667 1496.65
0.006 1498.1
0.00633333 1498.97
0.00666667 1499.46
0.007 1499.73
0.00733333 1499.87
0.00766667 1499.94
0.008 1499.98
0.00833333 1499.99
0.00866667 1500
0.009 1500
0.00933333 1500
0.00966667 1500
0.01 1500
