0 1060.810702020655
6.230529595015642e-05 1066.772578132137
0.0004049844236760167 1104.834720169826
0.000747663551401877 1150.179589282778
0.001090342679127737 1199.76449161595
0.001433021806853598 1250.192980841202
0.001775700934579458 1298.392223753322
0.002118380062305318 1342.049725039972
0.002461059190031178 1379.773307615133
0.002803738317757038 1411.032034464185
0.003146417445482898 1435.970939745539
0.003489096573208757 1455.18465052047
0.003831775700934616 1469.5076736223
0.004174454828660475 1479.850154326828
0.004517133956386334 1487.086147038618
0.004859813084112193 1491.988775860299
0.00520249221183805 1495.201401070346
0.005545171339563907 1497.23332483627
0.005887850467289764 1498.470293934784
0.00623052959501562 1499.192505614651
0.006573208722741476 1499.595147803423
0.006915887850467331 1499.808372149053
0.007258566978193185 1499.91496202558
0.00760124610591904 1499.964896944127
0.007943925233644893 1499.986637448906
0.008286604361370745 1499.995351233477
0.008629283489096598 1499.998533584498
0.008971962616822449 1499.999581772596
0.0093146417445483 1499.999890730872
0.009657320872274151 1499.99997232065
0.01 1499.999992139596
