0 1421.69
0.000333333 1438.07
0.000666667 1451.64
0.001 1462.71
0.00133333 1471.61
0.00166667 1478.66
0.002 1484.17
0.00233333 1488.41
0.00266667 1491.64
0.003 1494.05
0.00333333 1495.83
0.00366667 1497.12
0.004 1498.05
0.00433333 1498.7
0.00466667 1499.15
0.005 1499.45
0.00533333 1499.66
0.00566667 1499.79
0.006 1499.87
0.00633333 1499.93
0.00666667 1499.96
0.007 1499.98
0.00733333 1499.99
0.00766667 1499.99
0.008 1500
0.00833333 1500
0.00866667 1500
0.009 1500
0.00933333 1500
0.00966667 1500
0.01 1500
