0 1375.756918474196
6.230529595015642e-05 1380.53676949013
0.0004049844236760167 1404.628532120232
0.000747663551401877 1425.064533200194
0.001090342679127737 1442.050914926484
0.001433021806853598 1455.899599010911
0.001775700934579458 1466.981452785434
0.002118380062305318 1475.68873218076
0.002461059190031178 1482.407206382123
0.002803738317757038 1487.497175968801
0.003146417445482898 1491.281980615873
0.003489096573208757 1494.042390318215
0.003831775700934616 1496.015332393715
0.004174454828660475 1497.395603637081
0.004517133956386334 1498.339467723783
0.004859813084112193 1498.969289484587
0.00520249221183805 1499.378582028386
0.005545171339563907 1499.637028904594
0.005887850467289764 1499.795190841904
0.00623052959501562 1499.888719565261
0.006573208722741476 1499.941986079047
0.006915887850467331 1499.971093706863
0.007258566978193185 1499.986292012325
0.00760124610591904 1499.993839986189
0.007943925233644893 1499.997387865546
0.008286604361370745 1499.998958190894
0.008629283489096598 1499.999609486022
0.008971962616822449 1499.999861677005
0.0093146417445483 1499.999952799065
0.009657320872274151 1499.999983733659
0.01 1499.999993823968
