0 1000
0.000333333 1000
0.000666667 1000
0.001 1000.01
0.00133333 1000.14
0.00166667 1001.06
0.002 1005.08
0.00233333 1017.14
0.00266667 1043.48
0.003 1087.88
0.00333333 1148.33
0.00366667 1217.55
0.004 1286.38
0.00433333 1347.4
0.00466667 1396.65
0.005 1433.41
0.00533333 1459.1
0.00566667 1476.03
0.006 1486.6
0.00633333 1492.88
0.00666667 1496.41
0.007 1498.29
0.00733333 1499.24
0.00766667 1499.68
0.008 1499.88
0.00833333 1499.96
0.00866667 1499.99
0.009 1500
0.00933333 1500
0.00966667 1500
0.01 1500
