0 1000
0.000333333 1000
0.000666667 1000
0.001 1000
0.00133333 1000.02
0.00166667 1000.27
0.002 1001.81
0.00233333 1008.01
0.00266667 1025.01
0.003 1059.15
0.00333333 1112.32
0.00366667 1179.66
0.004 1251.79
0.00433333 1319.27
0.00466667 1375.86
0.005 1419.24
0.00533333 1450.08
0.00566667 1470.64
0.006 1483.58
0.00633333 1491.27
0.00666667 1495.61
0.007 1497.92
0.00733333 1499.08
0.00766667 1499.62
0.008 1499.86
0.00833333 1499.95
0.00866667 1499.98
0.009 1500
0.00933333 1500
0.00966667 1500
0.01 1500
