0 1000
0.000333333 1000
0.000666667 1000
0.001 1000
0.00133333 1000.03
0.00166667 1000.37
0.002 1002.3
0.00233333 1009.54
0.00266667 1028.39
0.003 1064.78
0.00333333 1119.73
0.00366667 1187.73
0.004 1259.35
0.00433333 1325.53
0.00466667 1380.54
0.005 1422.45
0.00533333 1452.14
0.00566667 1471.88
0.006 1484.27
0.00633333 1491.64
0.00666667 1495.79
0.007 1498.01
0.00733333 1499.11
0.00766667 1499.63
0.008 1499.86
0.00833333 1499.95
0.00866667 1499.98
0.009 1500
0.00933333 1500
0.00966667 1500
0.01 1500
