0 1481.72
0.000333333 1485.75
0.000666667 1488.99
0.001 1491.57
0.00133333 1493.61
0.00166667 1495.2
0.002 1496.44
0.00233333 1497.38
0.00266667 1498.1
0.003 1498.64
0.00333333 1499.03
0.00366667 1499.33
0.004 1499.53
0.00433333 1499.68
0.00466667 1499.79
0.005 1499.86
0.00533333 1499.91
0.00566667 1499.94
0.006 1499.96
0.00633333 1499.98
0.00666667 1499.99
0.007 1499.99
0.00733333 1500
0.00766667 1500
0.008 1500
0.00833333 1500
0.00866667 1500
0.009 1500
0.00933333 1500
0.00966667 1500
0.01 1500
