0 1445.58
0.000333333 1457.22
0.000666667 1466.76
0.001 1474.47
0.00133333 1480.61
0.00166667 1485.45
0.002 1489.22
0.00233333 1492.11
0.00266667 1494.3
0.003 1495.94
0.00333333 1497.15
0.00366667 1498.03
0.004 1498.66
0.00433333 1499.1
0.00466667 1499.41
0.005 1499.62
0.00533333 1499.76
0.00566667 1499.85
0.006 1499.91
0.00633333 1499.95
0.00666667 1499.97
0.007 1499.98
0.00733333 1499.99
0.00766667 1499.99
0.008 1500
0.00833333 1500
0.00866667 1500
0.009 1500
0.00933333 1500
0.00966667 1500
0.01 1500
