0 1255.01
0.000333333 1296.05
0.000666667 1333.81
0.001 1367.34
0.00133333 1396.18
0.00166667 1420.28
0.002 1439.92
0.00233333 1455.54
0.00266667 1467.7
0.003 1476.95
0.00333333 1483.86
0.00366667 1488.91
0.004 1492.53
0.00433333 1495.07
0.00466667 1496.82
0.005 1498
0.00533333 1498.77
0.00566667 1499.26
0.006 1499.57
0.00633333 1499.76
0.00666667 1499.87
0.007 1499.93
0.00733333 1499.96
0.00766667 1499.98
0.008 1499.99
0.00833333 1500
0.00866667 1500
0.009 1500
0.00933333 1500
0.00966667 1500
0.01 1500
