0 1000.02
0.000333333 1000.16
0.000666667 1000.95
0.001 1004.02
0.00133333 1012.69
0.00166667 1031.48
0.002 1064.07
0.00233333 1110.98
0.00266667 1168.8
0.003 1231.44
0.00333333 1292.39
0.00366667 1346.64
0.004 1391.47
0.00433333 1426.23
0.00466667 1451.76
0.005 1469.63
0.00533333 1481.6
0.00566667 1489.27
0.006 1494
0.00633333 1496.79
0.00666667 1498.36
0.007 1499.21
0.00733333 1499.64
0.00766667 1499.84
0.008 1499.94
0.00833333 1499.98
0.00866667 1499.99
0.009 1500
0.00933333 1500
0.00966667 1500
0.01 1500
