0 1239.14
0.000333333 1281.57
0.000666667 1321.11
0.001 1356.6
0.00133333 1387.39
0.00166667 1413.3
0.002 1434.51
0.00233333 1451.46
0.00266667 1464.69
0.003 1474.79
0.00333333 1482.33
0.00366667 1487.86
0.004 1491.83
0.00433333 1494.61
0.00466667 1496.53
0.005 1497.81
0.00533333 1498.66
0.00566667 1499.2
0.006 1499.53
0.00633333 1499.74
0.00666667 1499.86
0.007 1499.93
0.00733333 1499.96
0.00766667 1499.98
0.008 1499.99
0.00833333 1500
0.00866667 1500
0.009 1500
0.00933333 1500
0.00966667 1500
0.01 1500
