0 1000
0.000333333 1000
0.000666667 1000
0.001 1000
0.00133333 1000
0.00166667 1000
0.002 1000
0.00233333 1000.06
0.00266667 1000.73
0.003 1004.71
0.00333333 1018.9
0.00366667 1052.48
0.004 1109.73
0.00433333 1184.85
0.00466667 1265.01
0.005 1337.65
0.00533333 1395.48
0.00566667 1436.97
0.006 1464.28
0.00633333 1480.95
0.00666667 1490.46
0.007 1495.53
0.00733333 1498.06
0.00766667 1499.22
0.008 1499.71
0.00833333 1499.91
0.00866667 1499.97
0.009 1499.99
0.00933333 1500
0.00966667 1500
0.01 1500
