0 1231.13
0.000333333 1274.17
0.000666667 1314.57
0.001 1351.03
0.00133333 1382.8
0.00166667 1409.63
0.002 1431.67
0.00233333 1449.31
0.00266667 1463.1
0.003 1473.64
0.00333333 1481.53
0.00366667 1487.3
0.004 1491.45
0.00433333 1494.37
0.00466667 1496.37
0.005 1497.71
0.00533333 1498.6
0.00566667 1499.16
0.006 1499.51
0.00633333 1499.73
0.00666667 1499.85
0.007 1499.92
0.00733333 1499.96
0.00766667 1499.98
0.008 1499.99
0.00833333 1500
0.00866667 1500
0.009 1500
0.00933333 1500
0.00966667 1500
0.01 1500
