0 4.67488e+64
0.000333333 -5.32935e+44
0.000666667 3.57331e+27
0.001 1.14205e+11
0.00133333 1000.04
0.00166667 1000
0.002 1000
0.00233333 1000
0.00266667 1000
0.003 1000
0.00333333 1000
0.00366667 1000
0.004 1000
0.00433333 1000
0.00466667 1000
0.005 1000
0.00533333 1000.15
0.00566667 1004.35
0.006 1035.52
0.00633333 1124.21
0.00666667 1251.79
0.007 1365.87
0.00733333 1439.26
0.00766667 1476.54
0.008 1492.26
0.00833333 1497.85
0.00866667 1499.51
0.009 1499.91
0.00933333 1499.99
0.00966667 1500
0.01 1500
