0 1000.000020274115
0.0008270578300957073 1000.000000000735
0.001654115660191415 1000.000000000015
0.002481173490287122 1000.000003861064
0.003286100896880292 1000.588533321185
0.00356718182515424 1003.789565079265
0.003695052254756535 1007.429399821182
0.003788668881616667 1011.50074770674
0.003873222091458781 1016.460456594378
0.003956784554220451 1022.753605444613
0.004044028536344696 1030.973620728877
0.004139055625510678 1042.000791571141
0.004247196599735209 1057.296048111107
0.004380912295352334 1080.224974287358
0.004606474121787598 1127.842810789542
0.005031681143973212 1234.868183707093
0.005277062459216638 1296.128269105589
0.005426613342450974 1330.296695602063
0.005554861444107241 1356.966294219892
0.005676968283156545 1379.84013223268
0.005798971308481774 1400.143760286212
0.005925251233247063 1418.488199564828
0.006060285926975922 1435.221430593593
0.006210016037405324 1450.554108271737
0.006384305063581994 1464.622318569342
0.006604495314659114 1477.554098466849
0.006933495471237921 1489.393778525331
0.007518826509712979 1497.787952558179
0.008345884339808653 1499.875707606295
0.009172942169904327 1499.997787398101
0.01 1499.999987226843
