0 1159.99
6.23053e-05 1168.19
0.000404984 1214.35
0.000747664 1260.39
0.00109034 1304.07
0.00143302 1343.72
0.0017757 1378.33
0.00211838 1407.5
0.00246106 1431.3
0.00280374 1450.17
0.00314642 1464.7
0.0034891 1475.59
0.00383178 1483.55
0.00417445 1489.2
0.00451713 1493.11
0.00485981 1495.73
0.00520249 1497.45
0.00554517 1498.52
0.00588785 1499.18
0.00623053 1499.56
0.00657321 1499.78
0.00691589 1499.89
0.00725857 1499.95
0.00760125 1499.98
0.00794393 1499.99
0.0082866 1500
0.00862928 1500
0.00897196 1500
0.00931464 1500
0.00965732 1500
0.01 1500
