0 1029.41
0.000333333 1054.54
0.000666667 1089.88
0.001 1134.18
0.00133333 1184.47
0.00166667 1236.94
0.002 1287.87
0.00233333 1334.32
0.00266667 1374.48
0.003 1407.62
0.00333333 1433.87
0.00366667 1453.93
0.004 1468.75
0.00433333 1479.36
0.00466667 1486.74
0.005 1491.72
0.00533333 1494.98
0.00566667 1497.06
0.006 1498.33
0.00633333 1499.09
0.00666667 1499.52
0.007 1499.76
0.00733333 1499.89
0.00766667 1499.95
0.008 1499.98
0.00833333 1499.99
0.00866667 1500
0.009 1500
0.00933333 1500
0.00966667 1500
0.01 1500
