0 1016.41
0.000333333 1034.5
0.000666667 1062.95
0.001 1102.01
0.00133333 1149.74
0.00166667 1202.55
0.002 1256.25
0.00233333 1307.04
0.00266667 1352.21
0.003 1390.3
0.00333333 1420.98
0.00366667 1444.69
0.004 1462.36
0.00433333 1475.1
0.00466667 1483.99
0.005 1490
0.00533333 1493.95
0.00566667 1496.46
0.006 1498
0.00633333 1498.91
0.00666667 1499.43
0.007 1499.72
0.00733333 1499.86
0.00766667 1499.94
0.008 1499.97
0.00833333 1499.99
0.00866667 1500
0.009 1500
0.00933333 1500
0.00966667 1500
0.01 1500
