0 1000
0.000333333 1000
0.000666667 1000
0.001 1000
0.00133333 1000
0.00166667 1000
0.002 1000.09
0.00233333 1000.86
0.00266667 1004.93
0.003 1018.47
0.00333333 1049.51
0.00366667 1102.12
0.004 1172.05
0.00433333 1248.6
0.00466667 1320.35
0.005 1379.77
0.00533333 1424.28
0.00566667 1454.97
0.006 1474.67
0.00633333 1486.54
0.00666667 1493.25
0.007 1496.83
0.00733333 1498.61
0.00766667 1499.43
0.008 1499.79
0.00833333 1499.93
0.00866667 1499.98
0.009 1499.99
0.00933333 1500
0.00966667 1500
0.01 1500
