0 1479.89
0.000333333 1484.31
0.000666667 1487.88
0.001 1490.72
0.00133333 1492.97
0.00166667 1494.72
0.002 1496.08
0.00233333 1497.12
0.00266667 1497.91
0.003 1498.5
0.00333333 1498.94
0.00366667 1499.26
0.004 1499.49
0.00433333 1499.65
0.00466667 1499.77
0.005 1499.85
0.00533333 1499.9
0.00566667 1499.94
0.006 1499.96
0.00633333 1499.98
0.00666667 1499.99
0.007 1499.99
0.00733333 1500
0.00766667 1500
0.008 1500
0.00833333 1500
0.00866667 1500
0.009 1500
0.00933333 1500
0.00966667 1500
0.01 1500
