0 1335.26
0.000333333 1366.46
0.000666667 1393.6
0.001 1416.63
0.00133333 1435.73
0.00166667 1451.23
0.002 1463.58
0.00233333 1473.23
0.00266667 1480.64
0.003 1486.22
0.00333333 1490.36
0.00366667 1493.38
0.004 1495.53
0.00433333 1497.04
0.00466667 1498.08
0.005 1498.79
0.00533333 1499.25
0.00566667 1499.55
0.006 1499.73
0.00633333 1499.85
0.00666667 1499.92
0.007 1499.95
0.00733333 1499.98
0.00766667 1499.99
0.008 1499.99
0.00833333 1500
0.00866667 1500
0.009 1500
0.00933333 1500
0.00966667 1500
0.01 1500
