0 1039.97
0.000333333 1069.38
0.000666667 1108.37
0.001 1154.94
0.00133333 1205.81
0.00166667 1257.25
0.002 1305.97
0.00233333 1349.56
0.00266667 1386.68
0.003 1416.98
0.00333333 1440.77
0.00366667 1458.83
0.004 1472.12
0.00433333 1481.6
0.00466667 1488.18
0.005 1492.62
0.00533333 1495.53
0.00566667 1497.37
0.006 1498.51
0.00633333 1499.18
0.00666667 1499.57
0.007 1499.78
0.00733333 1499.9
0.00766667 1499.95
0.008 1499.98
0.00833333 1499.99
0.00866667 1500
0.009 1500
0.00933333 1500
0.00966667 1500
0.01 1500
