0 1000
0.000333333 1000
0.000666667 1000
0.001 1000
0.00133333 1000
0.00166667 1000
0.002 1000.03
0.00233333 1000.38
0.00266667 1002.72
0.003 1012.05
0.00333333 1036.64
0.00366667 1082.95
0.004 1149.52
0.00433333 1226.66
0.00466667 1301.97
0.005 1366.12
0.00533333 1415.1
0.00566667 1449.29
0.006 1471.42
0.00633333 1484.79
0.00666667 1492.38
0.007 1496.42
0.00733333 1498.44
0.00766667 1499.37
0.008 1499.77
0.00833333 1499.92
0.00866667 1499.98
0.009 1499.99
0.00933333 1500
0.00966667 1500
0.01 1500
