0 1000
0.000333333 1000
0.000666667 1000.04
0.001 1000.32
0.00133333 1001.82
0.00166667 1007.24
0.002 1021.38
0.00233333 1049.46
0.00266667 1093.93
0.003 1152.37
0.00333333 1218.23
0.00366667 1283.65
0.004 1342.23
0.00433333 1390.39
0.00466667 1427.23
0.005 1453.74
0.00533333 1471.81
0.00566667 1483.55
0.006 1490.81
0.00633333 1495.1
0.00666667 1497.52
0.007 1498.81
0.00733333 1499.46
0.00766667 1499.77
0.008 1499.91
0.00833333 1499.97
0.00866667 1499.99
0.009 1500
0.00933333 1500
0.00966667 1500
0.01 1500
