0 1000.00000000402
0.0008478569774583456 999.9999999998979
0.001695713954916691 1000.000638193239
0.002543570932375037 1002.118419163017
0.002994684707501325 1016.120413005982
0.003232663977061999 1034.580717117705
0.003404263621059497 1054.343014525811
0.003545171645065842 1074.783315582264
0.003666527246863331 1095.264446415577
0.003774028956037813 1115.385970650525
0.003871481605240943 1134.986786318176
0.003961888847706972 1154.101468442571
0.004048072244587336 1172.95130577204
0.004133498036876984 1192.042675399301
0.004225178651241534 1212.761663144898
0.004350503220353867 1241.056602703063
0.004638652979813694 1303.324452022293
0.005002275947149993 1370.452989848297
0.005192683811297836 1398.988096880153
0.005341902952054845 1418.049598446845
0.005474577441285058 1432.654024707775
0.005600619990967046 1444.610007556738
0.005728649368134136 1454.989788504538
0.005869027725311409 1464.523419401555
0.006038404808563175 1473.771495824805
0.006275092643504199 1483.276862622529
0.006697355649958531 1493.1286648978
0.007456429067624968 1498.998471116929
0.008304286045083311 1499.940072227288
0.009152143022541656 1499.99871483887
0.01 1499.999988630487
