0 1000
0.000333333 1000
0.000666667 1000.01
0.001 1000.08
0.00133333 1000.66
0.00166667 1003.35
0.002 1012.03
0.00233333 1032.37
0.00266667 1069.04
0.003 1122.29
0.00333333 1187.05
0.00366667 1255.15
0.004 1318.76
0.00433333 1372.65
0.00466667 1414.77
0.005 1445.53
0.00533333 1466.71
0.00566667 1480.54
0.006 1489.13
0.00633333 1494.21
0.00666667 1497.08
0.007 1498.6
0.00733333 1499.37
0.00766667 1499.74
0.008 1499.9
0.00833333 1499.96
0.00866667 1499.99
0.009 1500
0.00933333 1500
0.00966667 1500
0.01 1500
