0 1000
0.000333333 1000.01
0.000666667 1000.14
0.001 1000.9
0.00133333 1004.06
0.00166667 1013.3
0.002 1033.68
0.00233333 1069.13
0.00266667 1119.77
0.003 1181.22
0.00333333 1246.4
0.00366667 1308.29
0.004 1361.9
0.00433333 1404.91
0.00466667 1437.27
0.005 1460.29
0.00533333 1475.86
0.00566667 1485.92
0.006 1492.13
0.00633333 1495.8
0.00666667 1497.87
0.007 1498.97
0.00733333 1499.54
0.00766667 1499.8
0.008 1499.92
0.00833333 1499.97
0.00866667 1499.99
0.009 1500
0.00933333 1500
0.00966667 1500
0.01 1500
