0 1311.37
0.000333333 1345.94
0.000666667 1376.49
0.001 1402.72
0.00133333 1424.69
0.00166667 1442.68
0.002 1457.09
0.00233333 1468.4
0.00266667 1477.12
0.003 1483.71
0.00333333 1488.6
0.00366667 1492.17
0.004 1494.72
0.00433333 1496.51
0.00466667 1497.74
0.005 1498.57
0.00533333 1499.12
0.00566667 1499.47
0.006 1499.69
0.00633333 1499.82
0.00666667 1499.9
0.007 1499.95
0.00733333 1499.97
0.00766667 1499.99
0.008 1499.99
0.00833333 1500
0.00866667 1500
0.009 1500
0.00933333 1500
0.00966667 1500
0.01 1500
