0 1000.3
0.000333333 1001.51
0.000666667 1005.5
0.001 1015.57
0.00133333 1035.71
0.00166667 1068.77
0.002 1114.73
0.00233333 1170.32
0.00266667 1230.16
0.003 1288.57
0.00333333 1341.1
0.00366667 1385.19
0.004 1420.08
0.00433333 1446.31
0.00466667 1465.16
0.005 1478.17
0.00533333 1486.79
0.00566667 1492.3
0.006 1495.68
0.00633333 1497.68
0.00666667 1498.81
0.007 1499.42
0.00733333 1499.73
0.00766667 1499.88
0.008 1499.95
0.00833333 1499.98
0.00866667 1499.99
0.009 1500
0.00933333 1500
0.00966667 1500
0.01 1500
