0 1000
0.000333333 1000
0.000666667 1000
0.001 1000
0.00133333 1000
0.00166667 1000.01
0.002 1000.19
0.00233333 1001.54
0.00266667 1007.51
0.003 1024.99
0.00333333 1061.26
0.00366667 1118.28
0.004 1189.98
0.00433333 1265.35
0.00466667 1333.99
0.005 1389.7
0.00533333 1430.88
0.00566667 1459.02
0.006 1476.98
0.00633333 1487.77
0.00666667 1493.87
0.007 1497.11
0.00733333 1498.73
0.00766667 1499.48
0.008 1499.81
0.00833333 1499.93
0.00866667 1499.98
0.009 1499.99
0.00933333 1500
0.00966667 1500
0.01 1500
