0 1000
0.000956221 1000
0.00190841 1000.69
0.00227836 1005.02
0.00245466 1010.39
0.00258333 1016.48
0.00269373 1023.48
0.00279499 1031.55
0.00289188 1040.84
0.00298774 1051.61
0.00308562 1064.23
0.00318917 1079.32
0.00330437 1098.08
0.00344919 1124.25
0.00373019 1180.92
0.00419094 1278.05
0.00442196 1322.84
0.00458381 1351.22
0.00472978 1374.35
0.00487122 1394.41
0.0050139 1412.3
0.00516263 1428.49
0.00532275 1443.29
0.00550175 1456.89
0.00571249 1469.41
0.00598369 1480.98
0.00640118 1491.54
0.00713134 1498.42
0.00808756 1499.91
0.00904378 1500
0.01 1500
