0 1000
0.000333333 1000
0.000666667 1000
0.001 1000
0.00133333 1000
0.00166667 1000.01
0.002 1000.12
0.00233333 1001.11
0.00266667 1005.93
0.003 1021.09
0.00333333 1054.36
0.00366667 1108.92
0.004 1179.71
0.00433333 1255.82
0.00466667 1326.27
0.005 1384.1
0.00533333 1427.17
0.00566667 1456.74
0.006 1475.69
0.00633333 1487.08
0.00666667 1493.52
0.007 1496.95
0.00733333 1498.66
0.00766667 1499.46
0.008 1499.8
0.00833333 1499.93
0.00866667 1499.98
0.009 1499.99
0.00933333 1500
0.00966667 1500
0.01 1500
