0 1000
0.000333333 1000
0.000666667 1000
0.001 1000
0.00133333 1000
0.00166667 1000.05
0.002 1000.48
0.00233333 1003.02
0.00266667 1012.3
0.003 1035.57
0.00333333 1078.54
0.00366667 1140.41
0.004 1213.27
0.00433333 1286.29
0.00466667 1350.6
0.005 1401.58
0.00533333 1438.67
0.00566667 1463.76
0.006 1479.68
0.00633333 1489.21
0.00666667 1494.58
0.007 1497.44
0.00733333 1498.87
0.00766667 1499.54
0.008 1499.83
0.00833333 1499.94
0.00866667 1499.98
0.009 1499.99
0.00933333 1500
0.00966667 1500
0.01 1500
