0 1000.135231766905
0.0007085771373857247 999.9999994456202
0.001417154274771449 1000.000000000012
0.002125731412157174 999.9999999999985
0.002834308549542898 999.9999999973696
0.003542885686928623 1000.078266249506
0.00397066161777551 1002.803367689905
0.004185177653536264 1009.4297875811
0.004322371637150883 1017.75605736948
0.004420247259667448 1026.341860032271
0.004497086892983324 1034.855740167094
0.004568643934198061 1044.284333306315
0.004645341234705153 1056.043009366697
0.004734608892018651 1071.873717069109
0.004846058931158879 1094.716392804637
0.005000203658820474 1131.18110357692
0.005260601916698832 1201.082569566641
0.005773773962008733 1336.142518908797
0.006232011169328605 1421.389901483712
0.006470912353454403 1450.020623535167
0.00662580914084105 1463.673291913464
0.006747004896254617 1472.096104835914
0.006853356679233067 1478.092192468936
0.006955971104551304 1482.816664161964
0.007065698236153816 1486.887074906554
0.007202188038486196 1490.779288088703
0.007421376318208309 1494.962340584771
0.007874268587842842 1498.78339176261
0.008582845725228562 1499.927289603034
0.009291422862614281 1499.998446644673
0.01 1499.999986384657
