0 1000
0.000333333 1000
0.000666667 1000
0.001 1000
0.00133333 1000
0.00166667 1000
0.002 1000
0.00233333 1000.01
0.00266667 1000.18
0.003 1001.75
0.00333333 1009.38
0.00366667 1032.32
0.004 1079.04
0.00433333 1148.87
0.00466667 1230.66
0.005 1309.76
0.00533333 1375.58
0.00566667 1424.19
0.006 1456.78
0.00633333 1476.9
0.00666667 1488.43
0.007 1494.59
0.00733333 1497.66
0.00766667 1499.07
0.008 1499.66
0.00833333 1499.89
0.00866667 1499.97
0.009 1499.99
0.00933333 1500
0.00966667 1500
0.01 1500
