0 1006.388242158931
6.405379968273465e-05 1007.873353192158
0.0003883607617407803 1019.682146905817
0.0006666384862514312 1036.940535285456
0.000926931934591072 1059.990323084236
0.00121250438873186 1092.906564785936
0.001544898441879144 1139.63213802745
0.001897194340134184 1195.320468748242
0.002249490238389224 1252.522121962578
0.002601786136644264 1306.735959345008
0.002954082034899303 1354.718613947258
0.003306377933154343 1394.74825889786
0.003658673831409381 1426.450611737919
0.00401096972966442 1450.410191781615
0.004363265627919458 1467.751606958133
0.004715561526174496 1479.79617196818
0.005067857424429533 1487.82916268593
0.00542015332268457 1492.970214541973
0.005772449220939606 1496.121429924085
0.006124745119194641 1497.965520849984
0.006477041017449676 1498.991294202416
0.006829336915704711 1499.530571506019
0.007181632813959745 1499.796640740072
0.007533928712214779 1499.91878695993
0.007886224610469813 1499.970433364732
0.008238520508724846 1499.990307751391
0.008590816406979878 1499.997174408982
0.00894311230523491 1499.999273747741
0.00929540820348994 1499.999834306445
0.00964770410174497 1499.99996447227
0.01 1499.999991437774
