0 999.9999940603038
0.000773239278262412 999.9999999984454
0.001546478556524824 1000.000000000019
0.002319717834787236 1000.000000205114
0.003092957113049648 1000.242878626745
0.003495124310523999 1003.995746859592
0.0036782331736255 1009.99553236607
0.003797609487483596 1016.61394320065
0.003895059980054018 1024.04243830781
0.003981897795724182 1032.408456633253
0.004062974057708058 1041.819249388138
0.004141155654727473 1052.411516543385
0.004218858232810092 1064.423536986942
0.004299121051885872 1078.348894916134
0.004387416760209376 1095.349050024778
0.004498888841013672 1119.061092886265
0.004728895799377526 1173.913970027691
0.005011364355020645 1245.757279650756
0.005151079791662503 1280.397211089235
0.005273268026583684 1309.178824892566
0.005410066538149389 1339.124747859005
0.005567549481016411 1370.076853679883
0.005747883975615049 1400.494934286746
0.005955697120939849 1428.889507092374
0.006201211677297665 1454.01709362023
0.006511490501995431 1475.067211199918
0.00697642289610759 1491.29581190503
0.007680282165212751 1498.768315791344
0.008453521443475167 1499.927041906381
0.009226760721737583 1499.998479289027
0.01 1499.999987367207
