0 1000
0.000333333 1000
0.000666667 1000
0.001 1000
0.00133333 1000
0.00166667 1000
0.002 1000.08
0.00233333 1000.79
0.00266667 1004.63
0.003 1017.65
0.00333333 1047.96
0.00366667 1099.9
0.004 1169.52
0.00433333 1246.18
0.00466667 1318.36
0.005 1378.31
0.00533333 1423.3
0.00566667 1454.37
0.006 1474.33
0.00633333 1486.35
0.00666667 1493.16
0.007 1496.78
0.00733333 1498.59
0.00766667 1499.43
0.008 1499.79
0.00833333 1499.93
0.00866667 1499.98
0.009 1499.99
0.00933333 1500
0.00966667 1500
0.01 1500
