0 1000
0.000333333 1000
0.000666667 1000
0.001 1000.06
0.00133333 1000.54
0.00166667 1002.88
0.002 1010.74
0.00233333 1029.76
0.00266667 1064.95
0.003 1117.07
0.00333333 1181.42
0.00366667 1249.85
0.004 1314.3
0.00433333 1369.22
0.00466667 1412.34
0.005 1443.92
0.00533333 1465.7
0.00566667 1479.94
0.006 1488.8
0.00633333 1494.04
0.00666667 1496.99
0.007 1498.56
0.00733333 1499.36
0.00766667 1499.73
0.008 1499.9
0.00833333 1499.96
0.00866667 1499.99
0.009 1500
0.00933333 1500
0.00966667 1500
0.01 1500
