0 1000
0.000333333 1000
0.000666667 1000
0.001 1000
0.00133333 1000
0.00166667 1000
0.002 1000.02
0.00233333 1000.28
0.00266667 1002.2
0.003 1010.34
0.00333333 1032.91
0.00366667 1077.01
0.004 1142.2
0.00433333 1219.29
0.00466667 1295.65
0.005 1361.35
0.00533333 1411.86
0.00566667 1447.28
0.006 1470.25
0.00633333 1484.17
0.00666667 1492.07
0.007 1496.28
0.00733333 1498.37
0.00766667 1499.34
0.008 1499.76
0.00833333 1499.92
0.00866667 1499.98
0.009 1499.99
0.00933333 1500
0.00966667 1500
0.01 1500
