0 1022.23
0.000333333 1043.78
0.000666667 1075.77
0.001 1117.65
0.00133333 1166.92
0.00166667 1219.79
0.002 1272.26
0.00233333 1320.96
0.00266667 1363.64
0.003 1399.23
0.00333333 1427.65
0.00366667 1449.48
0.004 1465.68
0.00433333 1477.32
0.00466667 1485.42
0.005 1490.9
0.00533333 1494.49
0.00566667 1496.77
0.006 1498.17
0.00633333 1499
0.00666667 1499.48
0.007 1499.74
0.00733333 1499.88
0.00766667 1499.94
0.008 1499.98
0.00833333 1499.99
0.00866667 1500
0.009 1500
0.00933333 1500
0.00966667 1500
0.01 1500
