0 1000
0.000333333 1000
0.000666667 1000
0.001 1000
0.00133333 1000
0.00166667 1000
0.002 1000.02
0.00233333 1000.26
0.00266667 1002.04
0.003 1009.82
0.00333333 1031.72
0.00366667 1075.08
0.004 1139.78
0.00433333 1216.83
0.00466667 1293.52
0.005 1359.73
0.00533333 1410.76
0.00566667 1446.59
0.006 1469.86
0.00633333 1483.96
0.00666667 1491.96
0.007 1496.23
0.00733333 1498.35
0.00766667 1499.34
0.008 1499.75
0.00833333 1499.92
0.00866667 1499.98
0.009 1499.99
0.00933333 1500
0.00966667 1500
0.01 1500
