0 1000
0.000333333 1000
0.000666667 1000.05
0.001 1000.39
0.00133333 1002.15
0.00166667 1008.23
0.002 1023.53
0.00233333 1053.08
0.00266667 1098.88
0.003 1158.05
0.00333333 1223.9
0.00366667 1288.68
0.004 1346.3
0.00433333 1393.41
0.00466667 1429.33
0.005 1455.12
0.00533333 1472.67
0.00566667 1484.05
0.006 1491.09
0.00633333 1495.25
0.00666667 1497.59
0.007 1498.85
0.00733333 1499.48
0.00766667 1499.78
0.008 1499.91
0.00833333 1499.97
0.00866667 1499.99
0.009 1500
0.00933333 1500
0.00966667 1500
0.01 1500
