0 1374.61
0.000333333 1399.54
0.000666667 1420.72
0.001 1438.36
0.00133333 1452.77
0.00166667 1464.34
0.002 1473.46
0.00233333 1480.54
0.00266667 1485.94
0.003 1490
0.00333333 1493.01
0.00366667 1495.19
0.004 1496.75
0.00433333 1497.84
0.00466667 1498.6
0.005 1499.11
0.00533333 1499.44
0.00566667 1499.66
0.006 1499.8
0.00633333 1499.88
0.00666667 1499.94
0.007 1499.97
0.00733333 1499.98
0.00766667 1499.99
0.008 1500
0.00833333 1500
0.00866667 1500
0.009 1500
0.00933333 1500
0.00966667 1500
0.01 1500
