0 1247.11
0.000333333 1288.86
0.000666667 1327.53
0.001 1362.04
0.00133333 1391.84
0.00166667 1416.85
0.002 1437.26
0.00233333 1453.54
0.00266667 1466.22
0.003 1475.89
0.00333333 1483.11
0.00366667 1488.4
0.004 1492.19
0.00433333 1494.85
0.00466667 1496.68
0.005 1497.91
0.00533333 1498.71
0.00566667 1499.23
0.006 1499.55
0.00633333 1499.75
0.00666667 1499.86
0.007 1499.93
0.00733333 1499.96
0.00766667 1499.98
0.008 1499.99
0.00833333 1500
0.00866667 1500
0.009 1500
0.00933333 1500
0.00966667 1500
0.01 1500
