0 1471.77
0.000333333 1477.95
0.000666667 1482.94
0.001 1486.93
0.00133333 1490.1
0.00166667 1492.57
0.002 1494.49
0.00233333 1495.96
0.00266667 1497.08
0.003 1497.91
0.00333333 1498.52
0.00366667 1498.97
0.004 1499.3
0.00433333 1499.52
0.00466667 1499.68
0.005 1499.79
0.00533333 1499.87
0.00566667 1499.92
0.006 1499.95
0.00633333 1499.97
0.00666667 1499.98
0.007 1499.99
0.00733333 1499.99
0.00766667 1500
0.008 1500
0.00833333 1500
0.00866667 1500
0.009 1500
0.00933333 1500
0.00966667 1500
0.01 1500
