0 1000
0.000333333 1000
0.000666667 1000
0.001 1000
0.00133333 1000
0.00166667 1000
0.002 1000
0.00233333 1000.1
0.00266667 1001.02
0.003 1005.98
0.00333333 1022.35
0.00366667 1058.94
0.004 1118.68
0.00433333 1194.66
0.00466667 1273.93
0.005 1344.66
0.00533333 1400.37
0.00566667 1440.07
0.006 1466.08
0.00633333 1481.93
0.00666667 1490.95
0.007 1495.76
0.00733333 1498.15
0.00766667 1499.26
0.008 1499.73
0.00833333 1499.91
0.00866667 1499.97
0.009 1499.99
0.00933333 1500
0.00966667 1500
0.01 1500
