0 1000
0.000333333 1000
0.000666667 1000.05
0.001 1000.44
0.00133333 1002.34
0.00166667 1008.77
0.002 1024.67
0.00233333 1054.95
0.00266667 1101.39
0.003 1160.91
0.00333333 1226.73
0.00366667 1291.18
0.004 1348.3
0.00433333 1394.9
0.00466667 1430.36
0.005 1455.79
0.00533333 1473.09
0.00566667 1484.29
0.006 1491.23
0.00633333 1495.32
0.00666667 1497.63
0.007 1498.86
0.00733333 1499.49
0.00766667 1499.78
0.008 1499.91
0.00833333 1499.97
0.00866667 1499.99
0.009 1500
0.00933333 1500
0.00966667 1500
0.01 1500
