0 -1.51198e+54
0.000333333 3.79427e+35
0.000666667 -7.68155e+19
0.001 -110442
0.00133333 1000
0.00166667 1000
0.002 1000
0.00233333 1000
0.00266667 1000
0.003 1000
0.00333333 1000
0.00366667 1000
0.004 1000
0.00433333 1000
0.00466667 1000
0.005 1000
0.00533333 1000.4
0.00566667 1007.74
0.006 1049.12
0.00633333 1147.51
0.00666667 1274.17
0.007 1380.37
0.00733333 1446.38
0.00766667 1479.36
0.008 1493.19
0.00833333 1498.1
0.00866667 1499.56
0.009 1499.92
0.00933333 1499.99
0.00966667 1500
0.01 1500
