0 1274.44
0.000333333 1313.51
0.000666667 1348.93
0.001 1379.99
0.00133333 1406.45
0.00166667 1428.4
0.002 1446.17
0.00233333 1460.24
0.00266667 1471.15
0.003 1479.43
0.00333333 1485.6
0.00366667 1490.11
0.004 1493.34
0.00433333 1495.6
0.00466667 1497.16
0.005 1498.21
0.00533333 1498.9
0.00566667 1499.34
0.006 1499.61
0.00633333 1499.78
0.00666667 1499.88
0.007 1499.94
0.00733333 1499.97
0.00766667 1499.98
0.008 1499.99
0.00833333 1500
0.00866667 1500
0.009 1500
0.00933333 1500
0.00966667 1500
0.01 1500
