0 1000
0.000333333 1000
0.000666667 1000.06
0.001 1000.49
0.00133333 1002.54
0.00166667 1009.33
0.002 1025.84
0.00233333 1056.86
0.00266667 1103.94
0.003 1163.78
0.00333333 1229.55
0.00366667 1293.67
0.004 1350.3
0.00433333 1396.38
0.00466667 1431.39
0.005 1456.46
0.00533333 1473.5
0.00566667 1484.53
0.006 1491.36
0.00633333 1495.39
0.00666667 1497.66
0.007 1498.88
0.00733333 1499.49
0.00766667 1499.79
0.008 1499.92
0.00833333 1499.97
0.00866667 1499.99
0.009 1500
0.00933333 1500
0.00966667 1500
0.01 1500
