0 1000
0.000333333 1000
0.000666667 1000
0.001 1000
0.00133333 1000.01
0.00166667 1000.14
0.002 1001.1
0.00233333 1005.54
0.00266667 1019.12
0.003 1048.81
0.00333333 1098.13
0.00366667 1163.69
0.004 1236.49
0.00433333 1306.41
0.00466667 1366.12
0.005 1412.49
0.00533333 1445.75
0.00566667 1468.04
0.006 1482.1
0.00633333 1490.49
0.00666667 1495.22
0.007 1497.74
0.00733333 1499
0.00766667 1499.59
0.008 1499.84
0.00833333 1499.95
0.00866667 1499.98
0.009 1500
0.00933333 1500
0.00966667 1500
0.01 1500
