0 1000.01
0.000333333 1000.09
0.000666667 1000.63
0.001 1002.92
0.00133333 1009.94
0.00166667 1026.17
0.002 1055.82
0.00233333 1100.28
0.00266667 1156.84
0.003 1219.63
0.00333333 1281.88
0.00366667 1338.06
0.004 1384.95
0.00433333 1421.58
0.00466667 1448.63
0.005 1467.62
0.00533333 1480.36
0.00566667 1488.56
0.006 1493.6
0.00633333 1496.58
0.00666667 1498.26
0.007 1499.16
0.00733333 1499.62
0.00766667 1499.84
0.008 1499.93
0.00833333 1499.98
0.00866667 1499.99
0.009 1500
0.00933333 1500
0.00966667 1500
0.01 1500
