0 1003.71
0.000333333 1010.74
0.000666667 1025.38
0.001 1050.67
0.00133333 1087.86
0.00166667 1135.58
0.002 1190.16
0.00233333 1246.79
0.00266667 1300.88
0.003 1349.06
0.00333333 1389.49
0.00366667 1421.73
0.004 1446.29
0.00433333 1464.28
0.00466667 1476.96
0.005 1485.61
0.00533333 1491.3
0.00566667 1494.92
0.006 1497.14
0.00633333 1498.45
0.00666667 1499.2
0.007 1499.6
0.00733333 1499.81
0.00766667 1499.92
0.008 1499.97
0.00833333 1499.99
0.00866667 1500
0.009 1500
0.00933333 1500
0.00966667 1500
0.01 1500
