0 1390.44
0.000333333 1412.61
0.000666667 1431.29
0.001 1446.74
0.00133333 1459.28
0.00166667 1469.31
0.002 1477.18
0.00233333 1483.28
0.00266667 1487.93
0.003 1491.42
0.00333333 1493.99
0.00366667 1495.86
0.004 1497.2
0.00433333 1498.14
0.00466667 1498.79
0.005 1499.23
0.00533333 1499.52
0.00566667 1499.71
0.006 1499.83
0.00633333 1499.9
0.00666667 1499.94
0.007 1499.97
0.00733333 1499.98
0.00766667 1499.99
0.008 1500
0.00833333 1500
0.00866667 1500
0.009 1500
0.00933333 1500
0.00966667 1500
0.01 1500
