0 1136.16
0.000333333 1181.28
0.000666667 1228.36
0.001 1274.65
0.00133333 1317.87
0.00166667 1356.44
0.002 1389.52
0.00233333 1416.92
0.00266667 1438.89
0.003 1456.03
0.00333333 1469.04
0.00366667 1478.67
0.004 1485.63
0.00433333 1490.54
0.00466667 1493.92
0.005 1496.19
0.00533333 1497.68
0.00566667 1498.62
0.006 1499.21
0.00633333 1499.56
0.00666667 1499.77
0.007 1499.88
0.00733333 1499.94
0.00766667 1499.97
0.008 1499.99
0.00833333 1499.99
0.00866667 1500
0.009 1500
0.00933333 1500
0.00966667 1500
0.01 1500
