0 1000
0.000333333 1000.03
0.000666667 1000.29
0.001 1001.59
0.00133333 1006.26
0.00166667 1018.46
0.002 1043.01
0.00233333 1082.77
0.00266667 1136.47
0.003 1198.9
0.00333333 1262.99
0.00366667 1322.37
0.004 1372.89
0.00433333 1412.91
0.00466667 1442.74
0.005 1463.83
0.00533333 1478.04
0.00566667 1487.2
0.006 1492.84
0.00633333 1496.18
0.00666667 1498.06
0.007 1499.06
0.00733333 1499.57
0.00766667 1499.82
0.008 1499.93
0.00833333 1499.97
0.00866667 1499.99
0.009 1500
0.00933333 1500
0.00966667 1500
0.01 1500
