0 999.9999999800111
0.0008915577496014808 1000.000000000224
0.001783115499202961 1000.00000177763
0.002674673248804442 1000.714000517172
0.003064826319438824 1006.58091048741
0.003254840676128062 1014.651185119471
0.003391192491840696 1023.865308200626
0.003505388415132019 1034.235946097799
0.003607143770556519 1045.701295339617
0.003701462233735717 1058.261986857858
0.003791825547636145 1072.026642251373
0.003881389502283077 1087.270421400146
0.00397404268052941 1104.588621922186
0.004077422902947487 1125.546391121895
0.004223845249507016 1157.57196283079
0.004562456591263106 1236.693747805367
0.004893946061372309 1311.078060805236
0.005066031485162865 1345.404850424204
0.005207804508972235 1370.77067744771
0.005340812721198377 1391.996755202569
0.005472305843293517 1410.503766157327
0.005607358425273174 1427.011283612865
0.005751091334555162 1441.949859994853
0.005910236588225479 1455.597185413256
0.00609590821261612 1468.143508026232
0.006332027830760729 1479.751947823212
0.006688570300249279 1490.468542554313
0.007325326751195609 1498.038457210411
0.008216884500797073 1499.889428150435
0.009108442250398537 1499.998010440969
0.01 1499.999988209393
