0 1000.06
0.000282804 1000.43
0.000399553 1000.83
0.000479328 1001.26
0.000560903 1001.87
0.000666363 1003
0.000824819 1005.63
0.0010977 1014.01
0.00161579 1049.96
0.00236378 1154.32
0.00292077 1252.69
0.00318459 1297.54
0.00333189 1320.98
0.00344698 1338.28
0.00356085 1354.45
0.00368546 1370.97
0.0038228 1387.74
0.00397285 1404.3
0.00413597 1420.25
0.00431325 1435.27
0.00450703 1449.11
0.00472178 1461.6
0.00496636 1472.69
0.005261 1482.4
0.0056606 1490.81
0.00626003 1496.95
0.00700803 1499.41
0.00775602 1499.92
0.00850401 1499.99
0.00925201 1500
0.01 1500
