0 1496.98
6.23053e-05 1497.11
0.000404984 1497.78
0.000747664 1498.31
0.00109034 1498.72
0.00143302 1499.04
0.0017757 1499.29
0.00211838 1499.48
0.00246106 1499.63
0.00280374 1499.73
0.00314642 1499.81
0.0034891 1499.87
0.00383178 1499.91
0.00417445 1499.94
0.00451713 1499.96
0.00485981 1499.97
0.00520249 1499.98
0.00554517 1499.99
0.00588785 1499.99
0.00623053 1500
0.00657321 1500
0.00691589 1500
0.00725857 1500
0.00760125 1500
0.00794393 1500
0.0082866 1500
0.00862928 1500
0.00897196 1500
0.00931464 1500
0.00965732 1500
0.01 1500
