0 1341.75
0.000333333 1371.98
0.000666667 1398.17
0.001 1420.31
0.00133333 1438.63
0.00166667 1453.48
0.002 1465.28
0.00233333 1474.49
0.00266667 1481.55
0.003 1486.88
0.00333333 1490.82
0.00366667 1493.69
0.004 1495.74
0.00433333 1497.18
0.00466667 1498.17
0.005 1498.84
0.00533333 1499.28
0.00566667 1499.57
0.006 1499.74
0.00633333 1499.85
0.00666667 1499.92
0.007 1499.96
0.00733333 1499.98
0.00766667 1499.99
0.008 1499.99
0.00833333 1500
0.00866667 1500
0.009 1500
0.00933333 1500
0.00966667 1500
0.01 1500
