0 1000
0.000333333 1000
0.000666667 1000
0.001 1000
0.00133333 1000
0.00166667 1000
0.002 1000.01
0.00233333 1000.21
0.00266667 1001.76
0.003 1008.83
0.00333333 1029.44
0.00366667 1071.3
0.004 1134.99
0.00433333 1211.9
0.00466667 1289.23
0.005 1356.47
0.00533333 1408.52
0.00566667 1445.19
0.006 1469.05
0.00633333 1483.52
0.00666667 1491.75
0.007 1496.13
0.00733333 1498.31
0.00766667 1499.32
0.008 1499.75
0.00833333 1499.92
0.00866667 1499.98
0.009 1499.99
0.00933333 1500
0.00966667 1500
0.01 1500
