0 1472.61
0.000333333 1478.6
0.000666667 1483.45
0.001 1487.33
0.00133333 1490.4
0.00166667 1492.8
0.002 1494.66
0.00233333 1496.08
0.00266667 1497.16
0.003 1497.97
0.00333333 1498.57
0.00366667 1499
0.004 1499.32
0.00433333 1499.54
0.00466667 1499.69
0.005 1499.8
0.00533333 1499.87
0.00566667 1499.92
0.006 1499.95
0.00633333 1499.97
0.00666667 1499.98
0.007 1499.99
0.00733333 1499.99
0.00766667 1500
0.008 1500
0.00833333 1500
0.00866667 1500
0.009 1500
0.00933333 1500
0.00966667 1500
0.01 1500
