0 1082
0.000333333 1121.87
0.000666667 1167.84
0.001 1216.85
0.00133333 1265.69
0.00166667 1311.62
0.002 1352.66
0.00233333 1387.76
0.00266667 1416.62
0.003 1439.56
0.00333333 1457.21
0.00366667 1470.42
0.004 1480.03
0.00433333 1486.85
0.00466667 1491.55
0.005 1494.72
0.00533333 1496.79
0.00566667 1498.11
0.006 1498.92
0.00633333 1499.4
0.00666667 1499.68
0.007 1499.84
0.00733333 1499.92
0.00766667 1499.96
0.008 1499.98
0.00833333 1499.99
0.00866667 1500
0.009 1500
0.00933333 1500
0.00966667 1500
0.01 1500
