0 1000.01
0.000333333 1000.14
0.000666667 1000.86
0.001 1003.72
0.00133333 1011.95
0.00166667 1030.09
0.002 1061.94
0.00233333 1108.26
0.00266667 1165.8
0.003 1228.49
0.00333333 1289.78
0.00366667 1344.52
0.004 1389.86
0.00433333 1425.09
0.00466667 1451
0.005 1469.14
0.00533333 1481.29
0.00566667 1489.1
0.006 1493.9
0.00633333 1496.74
0.00666667 1498.34
0.007 1499.19
0.00733333 1499.63
0.00766667 1499.84
0.008 1499.94
0.00833333 1499.98
0.00866667 1499.99
0.009 1500
0.00933333 1500
0.00966667 1500
0.01 1500
