0 1248.899957984079
6.230529595015642e-05 1256.633977233007
0.0004049844236760167 1297.760256232087
0.000747663551401877 1335.544261709575
0.001090342679127737 1369.073731412583
0.001433021806853598 1397.910227441561
0.001775700934579458 1422.010698707029
0.002118380062305318 1441.625469927463
0.002461059190031178 1457.19536655984
0.002803738317757038 1469.261964207169
0.003146417445482898 1478.397383570329
0.003489096573208757 1485.154655474423
0.003831775700934616 1490.036485527895
0.004174454828660475 1493.478801550154
0.004517133956386334 1495.845188609748
0.004859813084112193 1497.428692721246
0.00520249221183805 1498.458130904672
0.005545171339563907 1499.106749717286
0.005887850467289764 1499.501705561173
0.00623052959501562 1499.73335215802
0.006573208722741476 1499.86371085586
0.006915887850467331 1499.933785187184
0.007258566978193185 1499.969585024117
0.00760124610591904 1499.986868105968
0.007943925233644893 1499.994702703613
0.008286604361370745 1499.998014629424
0.008629283489096598 1499.999311105618
0.008971962616822449 1499.99977816417
0.0093146417445483 1499.999932525217
0.009657320872274151 1499.999979569365
0.01 1499.999993122146
