0 1429.23
0.000333333 1444.14
0.000666667 1456.45
0.001 1466.46
0.00133333 1474.49
0.00166667 1480.84
0.002 1485.79
0.00233333 1489.6
0.00266667 1492.49
0.003 1494.66
0.00333333 1496.25
0.00366667 1497.41
0.004 1498.24
0.00433333 1498.83
0.00466667 1499.23
0.005 1499.51
0.00533333 1499.69
0.00566667 1499.81
0.006 1499.89
0.00633333 1499.93
0.00666667 1499.96
0.007 1499.98
0.00733333 1499.99
0.00766667 1499.99
0.008 1500
0.00833333 1500
0.00866667 1500
0.009 1500
0.00933333 1500
0.00966667 1500
0.01 1500
