0 1023.55
0.000333333 1045.81
0.000666667 1078.49
0.001 1120.89
0.00133333 1170.4
0.00166667 1223.23
0.002 1275.41
0.00233333 1323.68
0.00266667 1365.86
0.003 1400.95
0.00333333 1428.93
0.00366667 1450.4
0.004 1466.31
0.00433333 1477.74
0.00466667 1485.69
0.005 1491.07
0.00533333 1494.59
0.00566667 1496.83
0.006 1498.2
0.00633333 1499.02
0.00666667 1499.49
0.007 1499.74
0.00733333 1499.88
0.00766667 1499.94
0.008 1499.98
0.00833333 1499.99
0.00866667 1500
0.009 1500
0.00933333 1500
0.00966667 1500
0.01 1500
