0 1000
0.000333333 1000
0.000666667 1000
0.001 1000
0.00133333 1000
0.00166667 1000
0.002 1000.03
0.00233333 1000.35
0.00266667 1002.53
0.003 1011.46
0.00333333 1035.37
0.00366667 1080.95
0.004 1147.07
0.00433333 1224.21
0.00466667 1299.87
0.005 1364.54
0.00533333 1414.03
0.00566667 1448.63
0.006 1471.03
0.00633333 1484.59
0.00666667 1492.28
0.007 1496.38
0.00733333 1498.42
0.00766667 1499.36
0.008 1499.76
0.00833333 1499.92
0.00866667 1499.98
0.009 1499.99
0.00933333 1500
0.00966667 1500
0.01 1500
