0 1000
0.000338291 1000.06
0.000676583 1000.66
0.00101487 1003.51
0.00135317 1012.23
0.00166129 1029.22
0.00193626 1054
0.00222811 1090.78
0.00255759 1143.24
0.00289588 1204.23
0.00323417 1266.19
0.00357247 1323.55
0.00391076 1372.67
0.00424905 1412.02
0.00458734 1441.73
0.00492563 1463.01
0.00526392 1477.52
0.00560221 1486.95
0.0059405 1492.78
0.0062788 1496.22
0.00661709 1498.13
0.00695538 1499.14
0.00729367 1499.63
0.00763196 1499.86
0.00797025 1499.95
0.00830854 1499.98
0.00864683 1500
0.00898513 1500
0.00932342 1500
0.00966171 1500
0.01 1500
