0 1487.66
1.37775e-13 1487.66
5.69323e-05 1488.16
0.00011521 1488.67
0.000175201 1489.16
0.00023703 1489.66
0.000300836 1490.15
0.000366776 1490.63
0.000435024 1491.11
0.000505781 1491.59
0.000579274 1492.06
0.000655763 1492.52
0.000735549 1492.98
0.000818982 1493.44
0.000906472 1493.89
0.000998505 1494.33
0.00109566 1494.77
0.00119865 1495.21
0.00130834 1495.63
0.00142581 1496.05
0.00155246 1496.47
0.00169007 1496.88
0.00184108 1497.27
0.00200884 1497.66
0.00219823 1498.05
0.00241677 1498.42
0.00267713 1498.78
0.00300417 1499.13
0.00347021 1499.48
0.00448501 1499.84
0.01 1500
