0 1484.11
1.37775e-13 1484.11
5.69323e-05 1484.76
0.00011521 1485.41
0.000175201 1486.04
0.00023703 1486.68
0.000300836 1487.3
0.000366776 1487.92
0.000435024 1488.54
0.000505781 1489.15
0.000579274 1489.76
0.000655763 1490.35
0.000735549 1490.95
0.000818982 1491.53
0.000906472 1492.11
0.000998505 1492.69
0.00109566 1493.25
0.00119865 1493.81
0.00130834 1494.36
0.00142581 1494.9
0.00155246 1495.44
0.00169007 1495.96
0.00184108 1496.48
0.00200884 1496.98
0.00219823 1497.48
0.00241677 1497.96
0.00267713 1498.42
0.00300417 1498.88
0.00347021 1499.32
0.00448501 1499.8
0.01 1500
