0 1450.71
1.88499e-08 1450.71
6.47657e-05 1452.89
0.000130249 1455.02
0.000197013 1457.11
0.000265419 1459.18
0.00033561 1461.21
0.000407742 1463.22
0.000481995 1465.19
0.000558568 1467.14
0.000637689 1469.06
0.000719618 1470.94
0.000804652 1472.8
0.000893141 1474.63
0.000985488 1476.44
0.00108217 1478.21
0.00118377 1479.95
0.00129098 1481.66
0.00140464 1483.34
0.00152582 1484.98
0.00165588 1486.59
0.00179657 1488.17
0.00195026 1489.71
0.0021202 1491.21
0.00231115 1492.68
0.0025304 1494.09
0.00279017 1495.46
0.00311445 1496.78
0.0035731 1498.07
0.00456665 1499.44
0.01 1500
