0 1000
0.000345065 1000
0.000690129 1000
0.00103519 1000.01
0.00138026 1000.24
0.00172532 1002.01
0.00207039 1009.18
0.00236521 1024.28
0.00260476 1045.38
0.00283557 1074.11
0.00311608 1119.3
0.00345935 1185.27
0.00380442 1255.26
0.00414948 1320.61
0.00448778 1374.82
0.00482507 1417.02
0.00516909 1448.24
0.00551416 1469.45
0.00585922 1482.94
0.00620429 1491.03
0.00654935 1495.58
0.00689442 1497.97
0.00723948 1499.14
0.00758455 1499.67
0.00792961 1499.89
0.00827468 1499.97
0.00861974 1499.99
0.00896481 1500
0.00930987 1500
0.00965494 1500
0.01 1500
