0 1000
0.000347858 1000
0.000695715 1000
0.00104357 1000
0.00139143 1000.09
0.00173929 1001.09
0.00208715 1006.06
0.00239466 1018.62
0.00264188 1037.65
0.0028652 1063.08
0.00311486 1100.7
0.00342782 1158.68
0.00377568 1229.98
0.00412354 1299.38
0.00446313 1358.39
0.00479267 1404.22
0.00512999 1439.09
0.00547785 1463.86
0.00582571 1479.76
0.00617356 1489.33
0.00652142 1494.74
0.00686928 1497.59
0.00721714 1498.99
0.007565 1499.61
0.00791285 1499.87
0.00826071 1499.96
0.00860857 1499.99
0.00895643 1500
0.00930428 1500
0.00965214 1500
0.01 1500
