0 1248.9
4.35334e-08 1248.91
0.000270745 1281.98
0.000484087 1306.82
0.00064994 1325.17
0.000788008 1339.73
0.000911983 1352.19
0.00102773 1363.29
0.00113841 1373.41
0.00124597 1382.76
0.00135181 1391.51
0.00145698 1399.75
0.00156237 1407.56
0.00166876 1414.99
0.0017769 1422.09
0.00188754 1428.89
0.00200147 1435.41
0.00211959 1441.69
0.0022429 1447.72
0.00237264 1453.54
0.00251031 1459.13
0.00265785 1464.52
0.00281785 1469.69
0.00299388 1474.66
0.0031912 1479.4
0.00341807 1483.92
0.00368895 1488.2
0.0040348 1492.22
0.00455948 1496.08
0.00581601 1499.43
0.01 1500
