0 1000
0.000368111 1000
0.000736222 1000
0.00110433 1000
0.00147244 1000
0.00184055 1000
0.00220867 1000.01
0.00257678 1000.35
0.00294489 1003.65
0.00324008 1013.84
0.00345307 1029.17
0.00363554 1049.29
0.00382306 1077.17
0.00406308 1122.55
0.00439566 1197.37
0.00476377 1282.9
0.00508375 1348.73
0.00535541 1394.17
0.00562932 1429.47
0.00595172 1458.7
0.00631889 1479.22
0.006687 1490.44
0.00705511 1496.01
0.00742322 1498.51
0.00779133 1499.51
0.00815945 1499.86
0.00852756 1499.97
0.00889567 1499.99
0.00926378 1500
0.00963189 1500
0.01 1500
