0 1000.01
0.000397047 1000
0.000794094 1000
0.00119114 1000
0.00158819 1000
0.00198523 1000
0.00238228 1000
0.00277933 1000
0.00317638 1000.01
0.00357342 1000.45
0.0039406 1005.49
0.00418439 1017.68
0.00435296 1033.53
0.00450074 1053.62
0.00465119 1080.24
0.00484033 1121.69
0.00513685 1198.54
0.00550798 1297.16
0.00577975 1359.36
0.00599698 1399.58
0.00621957 1431.64
0.0064824 1458.73
0.00682362 1480.27
0.00722067 1492.64
0.00761772 1497.65
0.00801477 1499.37
0.00841181 1499.87
0.00880886 1499.98
0.00920591 1500
0.00960295 1500
0.01 1500
