0 1330.68
4.35496e-17 1330.68
0.000171677 1347.13
0.00027748 1356.79
0.00038032 1365.81
0.000481161 1374.3
0.000580763 1382.34
0.000679757 1389.99
0.00077869 1397.28
0.000878063 1404.26
0.000978352 1410.96
0.00108003 1417.41
0.00118358 1423.61
0.00128951 1429.59
0.0013984 1435.37
0.00151087 1440.94
0.00162767 1446.34
0.00174967 1451.55
0.00187793 1456.6
0.00201378 1461.47
0.00215893 1466.19
0.00231564 1470.74
0.00248703 1475.13
0.00267758 1479.36
0.00289414 1483.43
0.00314814 1487.32
0.00346137 1491.02
0.00388874 1494.57
0.00464245 1497.96
0.00652359 1499.91
0.01 1500
