0 1498.86
8.74565e-13 1498.86
5.44767e-05 1498.91
0.0001103 1498.95
0.000167878 1499
0.000227338 1499.04
0.000288825 1499.08
0.000352497 1499.13
0.000418538 1499.17
0.000487153 1499.21
0.000558577 1499.26
0.000633078 1499.3
0.000710969 1499.34
0.000792612 1499.38
0.000878433 1499.42
0.000968937 1499.46
0.00106473 1499.5
0.00116655 1499.54
0.0012753 1499.58
0.00139212 1499.62
0.00151846 1499.66
0.00165621 1499.7
0.00180792 1499.74
0.00197713 1499.77
0.002169 1499.81
0.00239151 1499.85
0.00265811 1499.88
0.00299533 1499.91
0.00347981 1499.95
0.0045333 1499.98
0.01 1500
