0 1011.44
8.43941e-19 1011.44
6.26073e-06 1011.65
1.92333e-05 1012.08
3.11876e-05 1012.49
4.24664e-05 1012.89
5.33721e-05 1013.28
6.41464e-05 1013.68
7.49986e-05 1014.09
8.61384e-05 1014.52
9.788e-05 1014.98
0.000111186 1015.51
0.000135096 1016.51
0.000167482 1017.93
0.000189508 1018.95
0.000219799 1020.41
0.000278477 1023.47
0.000374627 1029.14
0.000520254 1039.37
0.000731524 1057.85
0.00102961 1091.09
0.00144206 1148.51
0.00200475 1237.33
0.00276478 1347.94
0.00372688 1439.99
0.0047724 1483.75
0.00581792 1496.89
0.00686344 1499.62
0.00790896 1499.98
0.00895448 1500
0.01 1500
