0 1496.98
2.04081e-13 1496.98
5.4909e-05 1497.1
0.000111087 1497.22
0.000169007 1497.34
0.000228792 1497.46
0.000290585 1497.57
0.000354544 1497.69
0.000420848 1497.81
0.0004897 1497.92
0.000561331 1498.03
0.000636007 1498.15
0.000714033 1498.26
0.000795766 1498.37
0.000881625 1498.48
0.000972107 1498.59
0.00106781 1498.7
0.00116944 1498.8
0.00127791 1498.91
0.00139432 1499.01
0.00152009 1499.11
0.00165707 1499.21
0.00180775 1499.31
0.00197559 1499.41
0.00216562 1499.5
0.0023856 1499.6
0.00264864 1499.69
0.00298051 1499.78
0.00345591 1499.87
0.00449171 1499.96
0.01 1500
