0 999.973
0.000397821 1000
0.000795642 1000
0.00119346 1000
0.00159128 1000
0.0019891 1000
0.00238693 1000
0.00278475 1000
0.00318257 1000
0.00358039 1000.24
0.00396875 1004.28
0.00422185 1015.42
0.00438818 1029.92
0.00453253 1048.44
0.00467944 1073.33
0.00485859 1111.4
0.00513785 1182.96
0.00552387 1287.56
0.00580051 1353.15
0.00601351 1394.32
0.00623054 1427.27
0.00648437 1455.25
0.00681743 1478.17
0.00721525 1491.84
0.00761307 1497.39
0.0080109 1499.31
0.00840872 1499.85
0.00880654 1499.98
0.00920436 1500
0.00960218 1500
0.01 1500
