0 1189.42
1.77521e-12 1189.42
0.000675148 1277.79
0.000910888 1306.66
0.0010661 1324.67
0.0011975 1339.21
0.00131581 1351.69
0.00142578 1362.77
0.00153021 1372.79
0.00163099 1382.01
0.00172948 1390.58
0.0018268 1398.62
0.00192387 1406.23
0.00202153 1413.46
0.0021206 1420.37
0.00222188 1427.01
0.00232625 1433.41
0.00243467 1439.59
0.00254823 1445.59
0.00266826 1451.41
0.00279634 1457.07
0.00293454 1462.58
0.00308552 1467.93
0.00325297 1473.11
0.00344219 1478.12
0.00366134 1482.93
0.00392438 1487.5
0.00426044 1491.79
0.00476493 1495.86
0.00595078 1499.38
0.01 1500
