0 1000
0.000349614 1000
0.000699228 1000
0.00104884 1000
0.00139846 1000.03
0.00174807 1000.53
0.00209769 1003.74
0.00241648 1013.65
0.00267041 1030.19
0.00288878 1052.43
0.00311694 1084.04
0.00340554 1134.73
0.00375515 1205.95
0.00410477 1278.35
0.0044515 1342.77
0.00477947 1392.5
0.00510784 1430.26
0.00545502 1458.27
0.00580463 1476.55
0.00615424 1487.62
0.00650386 1493.89
0.00685347 1497.2
0.00720309 1498.82
0.0075527 1499.55
0.00790231 1499.85
0.00825193 1499.95
0.00860154 1499.99
0.00895116 1500
0.00930077 1500
0.00965039 1500
0.01 1500
