0 1003.26
7.10153e-07 1003.27
0.000345513 1010.71
0.000690316 1026.65
0.00103512 1054.01
0.00137992 1093.54
0.00172473 1143.24
0.00206953 1199.03
0.00241433 1256.01
0.00275913 1309.78
0.00310394 1357.21
0.00344874 1396.68
0.00379354 1427.87
0.00413835 1451.4
0.00448315 1468.41
0.00482795 1480.22
0.00517276 1488.09
0.00551756 1493.12
0.00586236 1496.2
0.00620717 1498.01
0.00655197 1499.01
0.00689677 1499.54
0.00724158 1499.8
0.00758638 1499.92
0.00793118 1499.97
0.00827598 1499.99
0.00862079 1500
0.00896559 1500
0.00931039 1500
0.0096552 1500
0.01 1500
