0 1000
0.000344516 1000
0.000689031 1000
0.00103355 1000.04
0.00137806 1000.59
0.00172258 1003.68
0.00205244 1013.35
0.00232648 1030.36
0.00256263 1053.57
0.00281196 1087.12
0.00311534 1138.72
0.00345986 1205.94
0.00380437 1274.17
0.00414889 1336.11
0.00449058 1386.98
0.00483226 1425.98
0.00517678 1454.12
0.0055213 1473.01
0.00586581 1484.96
0.00621033 1492.1
0.00655484 1496.1
0.00689936 1498.21
0.00724387 1499.24
0.00758839 1499.71
0.00793291 1499.9
0.00827742 1499.97
0.00862194 1499.99
0.00896645 1500
0.00931097 1500
0.00965548 1500
0.01 1500
