0 1000.14
0.000399794 1000
0.000799589 1000
0.00119938 1000
0.00159918 1000
0.00199897 1000
0.00239877 1000
0.00279856 1000
0.00319835 1000
0.00359815 1000.14
0.00399794 1003.33
0.00426672 1013.9
0.00443973 1028.35
0.00458417 1046.53
0.00472541 1070.14
0.00488837 1104.21
0.00514349 1168.81
0.00554329 1278.79
0.00582945 1348.68
0.00604153 1390.98
0.00625097 1424.03
0.00649014 1451.91
0.00680661 1475.6
0.00720144 1490.76
0.00760123 1497.05
0.00800103 1499.22
0.00840082 1499.84
0.00880062 1499.97
0.00920041 1500
0.00960021 1500
0.01 1500
