0 1000
0.000392127 1000
0.000784254 1000
0.00117638 1000
0.00156851 1000
0.00196063 1000
0.00235276 1000
0.00274489 1000
0.00313702 1000.03
0.00352914 1001.07
0.00386147 1007.88
0.00408414 1020.98
0.00425022 1037.83
0.00440212 1059.46
0.00456426 1089.14
0.00479349 1141
0.00515203 1234.4
0.00548394 1317.77
0.00573498 1370.91
0.00595831 1408.86
0.00619838 1439.91
0.00649476 1466.17
0.00686298 1484.94
0.00725511 1494.39
0.00764724 1498.2
0.00803937 1499.52
0.00843149 1499.9
0.00882362 1499.98
0.00921575 1500
0.00960787 1500
0.01 1500
