0 1499.96
1.76911e-11 1499.96
5.62455e-05 1499.96
0.000114081 1499.96
0.000173836 1499.96
0.000235651 1499.96
0.000299686 1499.96
0.000366119 1499.97
0.000435152 1499.97
0.000507014 1499.97
0.000581965 1499.97
0.000660307 1499.97
0.000742386 1499.97
0.000828608 1499.98
0.000919447 1499.98
0.00101547 1499.98
0.00111735 1499.98
0.00122593 1499.98
0.0013422 1499.98
0.00146746 1499.99
0.00160332 1499.99
0.00175194 1499.99
0.00191616 1499.99
0.00210002 1499.99
0.00230934 1499.99
0.0025532 1499.99
0.00284693 1500
0.00322082 1500
0.00376054 1500
0.00490512 1500
0.01 1500
