0 1497.79
2.10087e-19 1497.79
1.35025e-07 1497.79
5.63099e-05 1497.88
0.000114043 1497.97
0.000173667 1498.06
0.000235324 1498.15
0.000299177 1498.24
0.000365405 1498.32
0.000434216 1498.41
0.000505843 1498.5
0.000580556 1498.58
0.000658665 1498.67
0.000740532 1498.75
0.000826582 1498.84
0.000917318 1498.92
0.00101334 1499
0.00111539 1499.08
0.00122436 1499.16
0.00134138 1499.24
0.00146789 1499.32
0.00160577 1499.4
0.00175753 1499.47
0.00192668 1499.55
0.00211832 1499.62
0.00234032 1499.69
0.00260595 1499.76
0.00294132 1499.83
0.00342212 1499.9
0.00446908 1499.97
0.01 1500
