0 1499.2
3.44991e-18 1499.2
5.81542e-07 1499.2
5.66128e-05 1499.23
0.000114302 1499.26
0.000173905 1499.3
0.000235568 1499.33
0.000299454 1499.36
0.000365748 1499.39
0.00043466 1499.42
0.000506427 1499.45
0.000581323 1499.48
0.000659664 1499.52
0.00074182 1499.55
0.000828222 1499.58
0.000919385 1499.61
0.00101592 1499.64
0.00111858 1499.67
0.00122829 1499.69
0.00134619 1499.72
0.00147375 1499.75
0.00161291 1499.78
0.00176623 1499.81
0.00193733 1499.83
0.00213142 1499.86
0.00235661 1499.89
0.00262655 1499.91
0.0029682 1499.94
0.00345928 1499.96
0.00452558 1499.99
0.01 1500
