0 1000.21
0.000335658 1001.41
0.000671316 1005.79
0.00100697 1016.93
0.00132218 1036.96
0.00162385 1066.65
0.00194421 1109.17
0.00227987 1162.94
0.00261553 1221.32
0.00295118 1279.06
0.00328684 1331.84
0.0036225 1376.97
0.00395816 1413.37
0.00429382 1441.25
0.00462947 1461.64
0.00496513 1475.89
0.00530079 1485.45
0.00563645 1491.59
0.00597211 1495.36
0.00630776 1497.56
0.00664342 1498.79
0.00697908 1499.44
0.00731474 1499.76
0.00765039 1499.9
0.00798605 1499.97
0.00832171 1499.99
0.00865737 1500
0.00899303 1500
0.00932868 1500
0.00966434 1500
0.01 1500
