0 1001.5
0.00033407 1005.81
0.00066814 1016.41
0.00100085 1036.58
0.00132391 1067.32
0.00164825 1108.94
0.00198232 1160.43
0.00231639 1216.36
0.00265046 1272.08
0.00298453 1323.63
0.0033186 1368.43
0.00365267 1405.26
0.00398674 1434.12
0.00432081 1455.75
0.00465488 1471.3
0.00498895 1482.06
0.00532302 1489.21
0.00565709 1493.77
0.00599116 1496.56
0.00632523 1498.2
0.0066593 1499.1
0.00699337 1499.58
0.00732744 1499.82
0.00766151 1499.93
0.00799558 1499.97
0.00832965 1499.99
0.00866372 1500
0.00899779 1500
0.00933186 1500
0.00966593 1500
0.01 1500
