0 1000
0.00036266 1000
0.000725321 1000
0.00108798 1000
0.00145064 1000
0.0018133 1000
0.00217596 1000.07
0.00253862 1001.11
0.00289364 1007.27
0.00316203 1020.59
0.0033633 1038.33
0.00355184 1062.05
0.00376392 1096.89
0.00405206 1155.38
0.00441472 1237.72
0.00477169 1315.25
0.00508056 1371.87
0.00535891 1412.16
0.00566372 1444.78
0.00601074 1469.47
0.0063734 1484.77
0.00673606 1493.01
0.00709872 1497.08
0.00746138 1498.91
0.00782404 1499.64
0.0081867 1499.9
0.00854936 1499.98
0.00891202 1500
0.00927468 1500
0.00963734 1500
0.01 1500
