0 1494.53
5.40003e-18 1494.53
2.52428e-06 1494.54
5.86454e-05 1494.76
0.00011645 1494.98
0.000176133 1495.21
0.000237836 1495.42
0.000301721 1495.64
0.000367966 1495.86
0.000436777 1496.08
0.000508386 1496.29
0.000583061 1496.5
0.00066111 1496.71
0.000742892 1496.92
0.00082883 1497.13
0.000919423 1497.33
0.00101527 1497.53
0.0011171 1497.74
0.0012258 1497.93
0.00134249 1498.13
0.0014686 1498.32
0.00160599 1498.51
0.00175716 1498.7
0.00192556 1498.89
0.00211625 1499.07
0.00233699 1499.24
0.00260088 1499.42
0.00293366 1499.58
0.00340999 1499.75
0.00444804 1499.93
0.01 1500
