0 1499.62
1.58139e-18 1499.62
6.34285e-08 1499.62
5.63269e-05 1499.63
0.000114168 1499.65
0.000173962 1499.67
0.000235857 1499.68
0.000300022 1499.7
0.000366643 1499.71
0.000435933 1499.73
0.000508137 1499.74
0.000583533 1499.75
0.000662443 1499.77
0.000745242 1499.78
0.000832373 1499.8
0.000924357 1499.81
0.00102182 1499.83
0.00112553 1499.84
0.00123642 1499.85
0.00135567 1499.87
0.00148477 1499.88
0.00162569 1499.89
0.00178106 1499.91
0.00195456 1499.92
0.00215152 1499.93
0.00238024 1499.95
0.00265468 1499.96
0.00300247 1499.97
0.00350303 1499.98
0.00458588 1499.99
0.01 1500
