0 1000
0.000373912 1000
0.000747823 1000
0.00112173 1000
0.00149565 1000
0.00186956 1000
0.00224347 1000
0.00261738 1000.09
0.00299129 1001.62
0.00331852 1009.06
0.00355146 1022.63
0.00373352 1040.39
0.00390809 1064.17
0.00410813 1099.39
0.0043917 1160.87
0.00476561 1250.74
0.00510054 1326.06
0.0053758 1377.73
0.00563289 1415.85
0.0059191 1447.16
0.00626088 1471.69
0.0066348 1486.91
0.00700871 1494.53
0.00738262 1497.96
0.00775653 1499.34
0.00813044 1499.82
0.00850435 1499.96
0.00887827 1499.99
0.00925218 1500
0.00962609 1500
0.01 1500
