0 1490.5
4.27874e-20 1490.5
9.05784e-08 1490.5
5.7568e-05 1490.89
0.000116599 1491.29
0.000177492 1491.68
0.000240388 1492.06
0.000305445 1492.45
0.000372842 1492.83
0.000442781 1493.21
0.000515493 1493.58
0.00059124 1493.95
0.000670329 1494.32
0.000753115 1494.68
0.000840013 1495.04
0.000931517 1495.4
0.00102822 1495.75
0.00113083 1496.1
0.00124025 1496.45
0.00135756 1496.79
0.00148417 1497.12
0.00162193 1497.45
0.00177328 1497.77
0.00194164 1498.09
0.00213199 1498.4
0.00235197 1498.71
0.00261448 1499
0.00294484 1499.29
0.00341668 1499.57
0.00444496 1499.87
0.01 1500
