0 1499.99
7.16193e-11 1499.99
5.95491e-05 1499.99
0.000120676 1499.99
0.000183867 1499.99
0.000249274 1499.99
0.000317071 1499.99
0.000387449 1499.99
0.000460628 1499.99
0.000536856 1499.99
0.000616416 1499.99
0.000699634 1499.99
0.000786886 1499.99
0.000878612 1499.99
0.000975328 1500
0.00107765 1500
0.00118631 1500
0.00130222 1500
0.00142647 1500
0.00156046 1500
0.00170596 1500
0.0018653 1500
0.00204162 1500
0.00223929 1500
0.00246471 1500
0.0027278 1500
0.00304536 1500
0.0034506 1500
0.0040358 1500
0.00524666 1500
0.01 1500
