0 1499.44
1.18112e-18 1499.44
1.4215e-07 1499.44
5.63316e-05 1499.47
0.000114094 1499.49
0.000173781 1499.51
0.000235538 1499.53
0.000299531 1499.56
0.000365944 1499.58
0.00043499 1499.6
0.000506908 1499.62
0.000581973 1499.64
0.000660505 1499.66
0.000742874 1499.68
0.000829518 1499.71
0.000920952 1499.73
0.0010178 1499.75
0.00112081 1499.77
0.00123092 1499.79
0.00134928 1499.81
0.00147739 1499.83
0.00161717 1499.85
0.00177125 1499.87
0.00194326 1499.88
0.00213847 1499.9
0.00236509 1499.92
0.00263692 1499.94
0.00298124 1499.96
0.00347662 1499.97
0.00455072 1499.99
0.01 1500
