0 1354.31
1.25575e-16 1354.31
0.000105505 1363.43
0.000201145 1371.38
0.000295798 1378.95
0.000389963 1386.19
0.000484081 1393.12
0.000578558 1399.79
0.000673781 1406.21
0.000770131 1412.4
0.000867996 1418.38
0.000967782 1424.17
0.00106993 1429.77
0.00117491 1435.2
0.00128329 1440.46
0.00139569 1445.56
0.00151284 1450.51
0.00163566 1455.31
0.00176523 1459.97
0.00190295 1464.49
0.00205062 1468.86
0.00221064 1473.1
0.00238636 1477.19
0.00258262 1481.14
0.00280694 1484.94
0.00307202 1488.57
0.00340291 1492.05
0.00386658 1495.37
0.00473287 1498.51
0.0068573 1499.96
0.01 1500
