0 1000
0.000374954 1000
0.000749908 1000
0.00112486 1000
0.00149982 1000
0.00187477 1000
0.00224973 1000
0.00262468 1000.04
0.00299963 1000.94
0.00334872 1006.95
0.0035964 1019.61
0.00377931 1036.2
0.0039489 1058.14
0.00413567 1089.72
0.0044022 1146.07
0.00477716 1236.81
0.00511928 1316.35
0.00539647 1370.8
0.00564658 1410
0.00591931 1442.08
0.00625046 1468.22
0.00662541 1485.27
0.00700037 1493.84
0.00737532 1497.71
0.00775027 1499.26
0.00812523 1499.79
0.00850018 1499.95
0.00887514 1499.99
0.00925009 1500
0.00962505 1500
0.01 1500
