0 1460.03
1.93381e-18 1460.03
6.21307e-06 1460.21
6.99113e-05 1461.97
0.00013526 1463.71
0.000202335 1465.42
0.000271276 1467.12
0.000342241 1468.79
0.000415406 1470.45
0.00049097 1472.08
0.00056916 1473.69
0.000650234 1475.28
0.000734494 1476.84
0.000822285 1478.39
0.000914016 1479.91
0.00101017 1481.41
0.00111132 1482.88
0.00121817 1484.33
0.00133157 1485.76
0.0014526 1487.15
0.00158262 1488.53
0.00172341 1489.87
0.00187735 1491.18
0.00204774 1492.46
0.00223938 1493.71
0.00245965 1494.92
0.00272091 1496.1
0.00304747 1497.23
0.00351004 1498.34
0.00451335 1499.52
0.01 1500
