0 1000
0.000364407 1000
0.000728814 1000
0.00109322 1000
0.00145763 1000
0.00182204 1000
0.00218644 1000.02
0.00255085 1000.61
0.00291526 1005.11
0.00319884 1016.81
0.00340563 1033.23
0.00358987 1054.86
0.00378615 1085.4
0.00405495 1138.08
0.00441936 1220.91
0.00478377 1302.78
0.00509714 1363.21
0.00536929 1405.12
0.00565714 1438.56
0.00599152 1465.09
0.00635593 1482.54
0.00672034 1491.98
0.00708474 1496.65
0.00744915 1498.75
0.00781356 1499.59
0.00817796 1499.88
0.00854237 1499.97
0.00890678 1499.99
0.00927119 1500
0.00963559 1500
0.01 1500
