0 1131.74
6.50654e-07 1131.82
1.29991e-06 1131.9
0.000202482 1158.08
0.000605987 1213.37
0.000869707 1249.74
0.00102016 1270.03
0.00114495 1286.43
0.00125933 1301.05
0.00136831 1314.54
0.00147455 1327.25
0.00157973 1339.37
0.00168504 1351
0.00179145 1362.24
0.00189978 1373.12
0.00201083 1383.68
0.00212538 1393.95
0.00224429 1403.93
0.00236853 1413.63
0.00249924 1423.04
0.00263783 1432.17
0.00278609 1441
0.00294641 1449.53
0.00312211 1457.73
0.00331804 1465.57
0.00354178 1473.05
0.00380653 1480.11
0.00414002 1486.75
0.00463239 1493.08
0.0057701 1498.82
0.01 1500
