0 1000.6
0.000334637 1003
0.000669275 1010.06
0.00100099 1025.28
0.00131621 1050.11
0.00163407 1086.29
0.0019687 1134.89
0.00230334 1190.41
0.00263798 1247.9
0.00297262 1302.72
0.00330725 1351.46
0.00364189 1392.26
0.00397653 1424.65
0.00431117 1449.17
0.0046458 1466.93
0.00498044 1479.28
0.00531508 1487.51
0.00564971 1492.79
0.00598435 1496.02
0.00631899 1497.91
0.00665363 1498.96
0.00698826 1499.52
0.0073229 1499.79
0.00765754 1499.92
0.00799218 1499.97
0.00832681 1499.99
0.00866145 1500
0.00899609 1500
0.00933073 1500
0.00966536 1500
0.01 1500
