0 1000
0.000371862 1000
0.000743724 1000
0.00111559 1000
0.00148745 1000
0.00185931 1000
0.00223117 1000
0.00260303 1000.19
0.0029749 1002.56
0.00328721 1011.61
0.0035123 1026.57
0.00369581 1046.02
0.0038752 1071.98
0.00408807 1111.16
0.00438826 1177.71
0.00476012 1265.95
0.00508851 1336.89
0.00536246 1385.64
0.00562709 1422.4
0.00592846 1452.67
0.00628138 1475.31
0.00665324 1488.61
0.0070251 1495.24
0.00739697 1498.23
0.00776883 1499.42
0.00814069 1499.84
0.00851255 1499.96
0.00888441 1499.99
0.00925628 1500
0.00962814 1500
0.01 1500
