0 999.268
0.000402845 1000
0.000805691 1000
0.00120854 1000
0.00161138 1000
0.00201423 1000
0.00241707 1000
0.00281992 1000
0.00322276 1000
0.00362561 1000.09
0.00402845 1002.59
0.00430614 1012.23
0.00448334 1026.14
0.00462747 1043.63
0.00476574 1066.17
0.00492075 1097.96
0.00516378 1158.88
0.00556662 1271.07
0.00585531 1343.57
0.00606652 1387.13
0.00627116 1420.72
0.00650115 1448.92
0.00679908 1472.98
0.00718008 1489.34
0.00758293 1496.6
0.00798577 1499.1
0.00838862 1499.81
0.00879146 1499.97
0.00919431 1500
0.00959715 1500
0.01 1500
