0 1000
0.000353799 1000
0.000707598 1000
0.0010614 1000
0.0014152 1000
0.001769 1000.1
0.00212279 1001.25
0.00247659 1007.29
0.00276185 1020.77
0.00298197 1039.35
0.00318901 1064.49
0.00342566 1102.1
0.00373242 1161.91
0.00408622 1237.93
0.00444002 1310.75
0.00476722 1368.19
0.00507241 1410.55
0.00540061 1444.09
0.00575441 1468.31
0.00610821 1483.18
0.00646201 1491.68
0.00681581 1496.19
0.00716961 1498.4
0.00752341 1499.4
0.00787721 1499.8
0.008231 1499.94
0.0085848 1499.99
0.0089386 1500
0.0092924 1500
0.0096462 1500
0.01 1500
