0 1000
0.000383814 1000
0.000767627 1000
0.00115144 1000
0.00153525 1000
0.00191907 1000
0.00230288 1000
0.0026867 1000
0.00307051 1000.2
0.00345432 1003.17
0.00374007 1013.11
0.00393418 1027.6
0.0040974 1046.3
0.00426108 1071.56
0.00445866 1110.24
0.0047505 1179.34
0.00513432 1276.32
0.00544133 1345.58
0.00568436 1390.4
0.00592484 1425.11
0.00620213 1454.1
0.00654568 1476.79
0.00692949 1490.24
0.0073133 1496.37
0.00769712 1498.83
0.00808093 1499.68
0.00846475 1499.93
0.00884856 1499.99
0.00923237 1500
0.00961619 1500
0.01 1500
