0 1277.65
8.64432e-15 1277.65
0.000162102 1296.36
0.000305559 1312.32
0.000434758 1326.16
0.000555143 1338.55
0.000669783 1349.88
0.00078062 1360.37
0.000889013 1370.18
0.000995995 1379.43
0.00110241 1388.18
0.00120897 1396.51
0.00131636 1404.45
0.00142521 1412.06
0.00153618 1419.35
0.00164994 1426.35
0.00176727 1433.09
0.00188902 1439.58
0.00201621 1445.83
0.00215008 1451.85
0.00229218 1457.65
0.00244451 1463.23
0.00260978 1468.61
0.00279177 1473.76
0.0029961 1478.7
0.00323174 1483.41
0.00351474 1487.88
0.0038811 1492.12
0.00445749 1496.22
0.00587149 1499.57
0.01 1500
