0 1439.7
9.33708e-16 1439.7
6.75286e-05 1442.44
0.000135485 1445.11
0.00020487 1447.72
0.000275812 1450.3
0.000348455 1452.83
0.000422958 1455.32
0.000499499 1457.77
0.000578279 1460.18
0.000659526 1462.55
0.000743497 1464.87
0.000830491 1467.16
0.000920854 1469.41
0.00101499 1471.61
0.00111337 1473.77
0.00121657 1475.89
0.00132527 1477.97
0.00144033 1480.01
0.00156279 1482
0.001694 1483.95
0.0018357 1485.85
0.00199024 1487.71
0.00216085 1489.51
0.00235224 1491.27
0.00257163 1492.96
0.00283117 1494.6
0.00315465 1496.17
0.00361139 1497.71
0.00459946 1499.34
0.01 1500
