0 999.999
0.000395343 1000
0.000790686 1000
0.00118603 1000
0.00158137 1000
0.00197671 1000
0.00237206 1000
0.0027674 1000
0.00316274 1000.01
0.00355808 1000.74
0.00390472 1006.71
0.00413526 1019.31
0.00430177 1035.59
0.00445152 1056.42
0.00460811 1084.61
0.00481627 1131
0.00514178 1215.8
0.00549244 1306.72
0.00575335 1364.37
0.00597358 1403.63
0.00620461 1435.35
0.00648302 1462.18
0.00683726 1482.5
0.0072326 1493.48
0.00762794 1497.91
0.00802329 1499.44
0.00841863 1499.88
0.00881397 1499.98
0.00920931 1500
0.00960466 1500
0.01 1500
