0 1394.97
5.63517e-14 1394.97
8.22104e-05 1400.43
0.000164928 1405.71
0.000248434 1410.85
0.00033295 1415.83
0.000418703 1420.68
0.000505934 1425.4
0.000594899 1429.99
0.000685877 1434.46
0.000779177 1438.82
0.000875144 1443.07
0.000974168 1447.21
0.0010767 1451.24
0.00118327 1455.18
0.00129451 1459.01
0.00141116 1462.74
0.00153415 1466.38
0.00166464 1469.91
0.0018041 1473.35
0.00195448 1476.69
0.00211841 1479.93
0.00229961 1483.06
0.0025036 1486.09
0.00273919 1489.01
0.00302198 1491.81
0.00338547 1494.49
0.00393281 1497.1
0.00509112 1499.39
0.00754556 1499.99
0.01 1500
