0 1000.06
0.000336341 1000.59
0.000672682 1003.08
0.00100902 1010.65
0.00132991 1026.41
0.0016247 1050.85
0.00193035 1087.1
0.00226416 1137.62
0.0026005 1195.73
0.00293684 1255.5
0.00327318 1311.8
0.00360952 1361.05
0.00394587 1401.46
0.00428221 1432.81
0.00461855 1455.94
0.00495489 1472.24
0.00529123 1483.21
0.00562757 1490.28
0.00596391 1494.63
0.00630025 1497.19
0.00663659 1498.61
0.00697293 1499.35
0.00730927 1499.72
0.00764561 1499.89
0.00798196 1499.96
0.0083183 1499.99
0.00865464 1500
0.00899098 1500
0.00932732 1500
0.00966366 1500
0.01 1500
