0 1000
0.000356399 1000
0.000712798 1000
0.0010692 1000
0.0014256 1000
0.001782 1000.04
0.0021384 1000.68
0.00249479 1004.88
0.00279331 1016.23
0.00302119 1033.17
0.00322343 1055.75
0.00343983 1088.01
0.00372386 1141.19
0.00408026 1217.82
0.00443666 1294.03
0.00476655 1355.65
0.0050669 1400.8
0.00537903 1436.12
0.00572321 1462.93
0.00607961 1480.26
0.00643601 1490.22
0.00679241 1495.52
0.00714881 1498.13
0.00750521 1499.29
0.0078616 1499.76
0.008218 1499.93
0.0085744 1499.98
0.0089308 1500
0.0092872 1500
0.0096436 1500
0.01 1500
