0 1000
0.000351325 1000
0.000702649 1000
0.00105397 1000
0.0014053 1000.01
0.00175662 1000.24
0.00210795 1002.2
0.00244508 1010.02
0.00271267 1024.87
0.00292952 1044.88
0.00314547 1072.74
0.00341272 1117.41
0.00375149 1185.42
0.00410282 1259.94
0.00445414 1328.7
0.00478118 1381.91
0.00509578 1421.51
0.00543278 1451.99
0.0057841 1472.92
0.00613543 1485.67
0.00648675 1492.92
0.00683808 1496.76
0.0071894 1498.64
0.00754073 1499.48
0.00789205 1499.83
0.00824338 1499.95
0.0085947 1499.99
0.00894603 1500
0.00929735 1500
0.00964868 1500
0.01 1500
