0 1060.81
1.33421e-11 1060.81
8.81379e-05 1069.34
0.00017767 1078.62
0.000269323 1088.76
0.000363822 1099.83
0.000462224 1111.97
0.000566207 1125.43
0.000678794 1140.62
0.000806657 1158.51
0.000973468 1182.59
0.00133977 1236.57
0.00185424 1308.86
0.00208003 1337.44
0.00224587 1356.82
0.00239647 1373.15
0.00253945 1387.5
0.00267694 1400.22
0.00281011 1411.55
0.00294013 1421.69
0.0030684 1430.82
0.00319655 1439.12
0.00332664 1446.74
0.00346139 1453.83
0.00360488 1460.53
0.00376365 1467.01
0.00394954 1473.46
0.00418825 1480.2
0.00456449 1487.89
0.00551763 1497.1
0.01 1500
