0 1006.39
7.10153e-07 1006.4
0.000345513 1017.65
0.000690316 1038.76
0.00103512 1071.56
0.00137992 1115.48
0.00172473 1167.56
0.00206953 1223.41
0.00241433 1278.49
0.00275913 1329.07
0.00310394 1372.77
0.00344874 1408.55
0.00379354 1436.48
0.00413835 1457.38
0.00448315 1472.38
0.00482795 1482.74
0.00517276 1489.62
0.00551756 1494.01
0.00586236 1496.69
0.00620717 1498.26
0.00655197 1499.14
0.00689677 1499.6
0.00724158 1499.82
0.00758638 1499.93
0.00793118 1499.97
0.00827598 1499.99
0.00862079 1500
0.00896559 1500
0.00931039 1500
0.0096552 1500
0.01 1500
