0 1000
0.000386232 1000
0.000772465 1000
0.0011587 1000
0.00154493 1000
0.00193116 1000
0.00231739 1000
0.00270363 1000
0.00308986 1000.11
0.00347609 1002.21
0.00377568 1010.85
0.00397729 1024.53
0.00414004 1042.13
0.00429862 1065.6
0.00448195 1100.3
0.00475435 1163.62
0.00514058 1262.64
0.00545256 1335.9
0.00569575 1383.13
0.00592915 1419.01
0.00619213 1448.89
0.00652391 1473.38
0.00691014 1488.78
0.00729637 1495.83
0.00768261 1498.66
0.00806884 1499.64
0.00845507 1499.92
0.0088413 1499.99
0.00922754 1500
0.00961377 1500
0.01 1500
