0 1004.21
0.000406295 999.996
0.00081259 1000
0.00121888 1000
0.00162518 1000
0.00203147 1000
0.00243777 1000
0.00284406 1000
0.00325036 1000
0.00365665 1000.05
0.00406295 1002.05
0.00434948 1010.97
0.00453076 1024.51
0.00467473 1041.53
0.00481067 1063.32
0.00495961 1093.48
0.00518858 1150.43
0.00558047 1260.76
0.00587275 1336.5
0.00608389 1381.81
0.0062845 1416.32
0.00650659 1445.2
0.00678813 1469.88
0.00715594 1487.64
0.00756223 1496.05
0.00796853 1498.96
0.00837482 1499.79
0.00878112 1499.97
0.00918741 1500
0.00959371 1500
0.01 1500
