0 1479.73
4.81267e-15 1479.73
5.91544e-05 1480.59
0.000119398 1481.43
0.000181315 1482.26
0.000245027 1483.09
0.000310673 1483.9
0.000378406 1484.71
0.000448403 1485.5
0.00052086 1486.29
0.000596002 1487.07
0.000674087 1487.84
0.000755413 1488.6
0.000840325 1489.35
0.00092923 1490.09
0.00102261 1490.82
0.00112104 1491.54
0.00122521 1492.25
0.00133599 1492.94
0.00145444 1493.63
0.00158193 1494.3
0.00172025 1494.96
0.00187178 1495.61
0.00203983 1496.24
0.00222922 1496.86
0.00244736 1497.46
0.00270676 1498.04
0.00303195 1498.6
0.00349453 1499.16
0.00450135 1499.75
0.01 1500
