0 1499.98
2.73861e-16 1499.98
4.2273e-07 1499.98
6.06116e-05 1499.98
0.000122662 1499.99
0.000186867 1499.99
0.000253395 1499.99
0.000322434 1499.99
0.000394196 1499.99
0.000468922 1499.99
0.000546887 1499.99
0.000628405 1499.99
0.000713845 1499.99
0.000803631 1499.99
0.000898265 1499.99
0.000998344 1499.99
0.00110458 1499.99
0.00121785 1499.99
0.00133923 1499.99
0.00147006 1499.99
0.00161207 1499.99
0.00176752 1500
0.00193945 1500
0.00213211 1500
0.00235171 1500
0.00260787 1500
0.00291693 1500
0.00331117 1500
0.00388097 1500
0.00507308 1500
0.01 1500
