0 1499.99
3.00186e-15 1499.99
5.50501e-06 1499.99
6.91144e-05 1500
0.00013461 1500
0.000202411 1500
0.000272694 1500
0.000345663 1500
0.000421545 1500
0.000500599 1500
0.000583121 1500
0.000669451 1500
0.000759984 1500
0.000855178 1500
0.000955575 1500
0.00106182 1500
0.00117468 1500
0.00129511 1500
0.00142427 1500
0.00156361 1500
0.00171502 1500
0.00188096 1500
0.00206474 1500
0.00227103 1500
0.00250665 1500
0.00278225 1500
0.00311608 1500
0.00354465 1500
0.00417059 1500
0.00546858 1500
0.01 1500
