0 1474.37
2.05572e-20 1474.37
4.20948e-08 1474.37
6.18101e-05 1475.49
0.000125018 1476.6
0.000190017 1477.69
0.000256946 1478.77
0.000325963 1479.84
0.000397241 1480.89
0.000470981 1481.94
0.000547409 1482.97
0.000626785 1483.99
0.000709407 1484.99
0.000795625 1485.98
0.000885846 1486.96
0.000980555 1487.93
0.00108033 1488.88
0.00118587 1489.81
0.00129805 1490.73
0.00141793 1491.64
0.00154689 1492.53
0.00168673 1493.4
0.00183983 1494.25
0.00200954 1495.08
0.00220067 1495.89
0.00242067 1496.68
0.00268205 1497.44
0.00300934 1498.18
0.00347399 1498.91
0.00448358 1499.68
0.01 1500
