0 1219.28
1.11374e-11 1219.28
0.00026005 1252.74
0.000416425 1272.38
0.000537758 1287.25
0.00064762 1300.37
0.00075266 1312.57
0.000855821 1324.18
0.000958753 1335.39
0.00106252 1346.27
0.00116789 1356.88
0.00127546 1367.25
0.00138573 1377.37
0.00149917 1387.24
0.00161624 1396.85
0.00173742 1406.18
0.00186323 1415.22
0.00199427 1423.94
0.00213123 1432.33
0.00227497 1440.35
0.00242657 1448
0.00258742 1455.26
0.00275942 1462.1
0.00294525 1468.52
0.00314895 1474.51
0.00337707 1480.07
0.0036418 1485.22
0.00397191 1490.02
0.00447486 1494.77
0.00571917 1499.21
0.01 1500
