0 1305.04
7.15478e-17 1305.04
0.000140298 1319.97
0.000261951 1332.43
0.000376847 1343.75
0.000487158 1354.2
0.000594373 1363.94
0.000699585 1373.09
0.000803649 1381.75
0.000907279 1389.97
0.0010111 1397.8
0.0011157 1405.3
0.00122163 1412.48
0.00132946 1419.38
0.00143981 1426.02
0.00155332 1432.42
0.00167073 1438.58
0.00179292 1444.53
0.00192092 1450.27
0.00205601 1455.82
0.00219982 1461.17
0.00235447 1466.32
0.00252288 1471.29
0.0027092 1476.08
0.00291968 1480.67
0.00316457 1485.06
0.00346281 1489.25
0.00385953 1493.24
0.00452111 1497.1
0.00617082 1499.79
0.01 1500
