0 1499.97
4.66153e-11 1499.97
5.71423e-05 1499.97
0.000115835 1499.98
0.000176486 1499.98
0.000239239 1499.98
0.000304258 1499.98
0.000371724 1499.98
0.000441844 1499.98
0.000514852 1499.98
0.000591016 1499.98
0.000670642 1499.98
0.000754085 1499.98
0.000841762 1499.99
0.000934157 1499.99
0.00103185 1499.99
0.00113554 1499.99
0.00124606 1499.99
0.00136447 1499.99
0.00149206 1499.99
0.00163052 1499.99
0.00178202 1499.99
0.00194952 1499.99
0.00213713 1499.99
0.00235084 1500
0.00259996 1500
0.00290024 1500
0.00328281 1500
0.00383523 1500
0.00499896 1500
0.01 1500
