0 1467.86
5.35287e-11 1467.86
6.31855e-05 1469.28
0.000125102 1470.63
0.000188396 1471.95
0.00025345 1473.26
0.000320403 1474.56
0.000389411 1475.84
0.00046065 1477.1
0.00053432 1478.36
0.000610646 1479.59
0.000689888 1480.81
0.000772345 1482.02
0.000858365 1483.21
0.000948356 1484.38
0.0010428 1485.53
0.00114227 1486.67
0.00124747 1487.79
0.00135926 1488.9
0.00147871 1489.98
0.00160718 1491.05
0.00174645 1492.09
0.00189892 1493.11
0.00206787 1494.11
0.00225811 1495.08
0.002477 1496.03
0.00273694 1496.94
0.0030622 1497.83
0.00352349 1498.7
0.00452493 1499.62
0.01 1500
