0 1000
0.000341638 1000
0.000683277 1000.02
0.00102491 1000.36
0.00136655 1002.44
0.00170819 1009.91
0.00201049 1025.36
0.00226674 1047.57
0.00252312 1079.05
0.0028256 1126.91
0.00316723 1190.27
0.00350887 1256.32
0.00385051 1318.11
0.00419215 1370.95
0.00453379 1412.81
0.00487543 1443.84
0.00521706 1465.52
0.0055587 1479.84
0.00590034 1488.81
0.00624198 1494.13
0.00658362 1497.11
0.00692526 1498.67
0.00726689 1499.44
0.00760853 1499.78
0.00795017 1499.92
0.00829181 1499.98
0.00863345 1499.99
0.00897509 1500
0.00931672 1500
0.00965836 1500
0.01 1500
