0 1000
0.000340197 1000
0.000680394 1000.08
0.00102059 1000.84
0.00136079 1004.42
0.00169804 1014.98
0.00199131 1033.77
0.00224852 1059.57
0.0025291 1097.83
0.00285586 1153.1
0.00319606 1217.18
0.00353625 1280.96
0.00387645 1338.6
0.00421665 1386.64
0.00455685 1423.99
0.00489704 1451.32
0.00523724 1470.23
0.00557744 1482.64
0.00591763 1490.38
0.00625783 1494.96
0.00659803 1497.51
0.00693823 1498.85
0.00727842 1499.51
0.00761862 1499.81
0.00795882 1499.93
0.00829901 1499.98
0.00863921 1499.99
0.00897941 1500
0.00931961 1500
0.0096598 1500
0.01 1500
