0 1043.44
2.84577e-08 1043.44
0.000121203 1053.49
0.000242363 1064.8
0.000363811 1077.37
0.000486098 1091.2
0.000609866 1106.31
0.000735803 1122.69
0.000864679 1140.36
0.000997429 1159.32
0.00113534 1179.61
0.00128041 1201.36
0.00143594 1224.81
0.00160732 1250.45
0.00180352 1279.05
0.0020412 1311.94
0.00235948 1351.9
0.00290442 1407.31
0.00390472 1467.62
0.00434886 1481.29
0.00457596 1486.15
0.00476512 1489.34
0.00495631 1491.91
0.00515783 1494.02
0.00536866 1495.71
0.00558867 1497.01
0.00581958 1497.99
0.00606897 1498.73
0.00638025 1499.3
0.00700689 1499.82
0.01 1500
