0 1411.97
1.0267e-18 1411.97
0.000103501 1417.84
0.000182355 1422.11
0.000262476 1426.28
0.000344042 1430.35
0.000427257 1434.32
0.00051235 1438.21
0.000599571 1442.01
0.000689198 1445.72
0.000781548 1449.35
0.00087698 1452.89
0.000975912 1456.36
0.00107883 1459.75
0.00118631 1463.06
0.00129905 1466.29
0.0014179 1469.45
0.00154389 1472.53
0.00167836 1475.53
0.00182303 1478.45
0.00198019 1481.29
0.00215299 1484.05
0.00234597 1486.71
0.00256605 1489.28
0.00282465 1491.75
0.00314328 1494.11
0.00357359 1496.37
0.00428833 1498.49
0.00573903 1499.82
0.00786952 1500
0.01 1500
