0 1159.99
7.56552e-07 1160.09
1.51182e-06 1160.19
0.000282721 1197.76
0.00102299 1295.76
0.00191739 1391.05
0.00231233 1421.61
0.00257354 1438.01
0.00276997 1448.51
0.00292816 1455.91
0.00306142 1461.46
0.00317751 1465.82
0.00328138 1469.38
0.00337648 1472.37
0.00346533 1474.94
0.00354993 1477.2
0.00363192 1479.23
0.0037128 1481.08
0.00379399 1482.79
0.00387695 1484.41
0.00396329 1485.96
0.00405493 1487.45
0.00415428 1488.92
0.00426459 1490.38
0.00439051 1491.84
0.00453923 1493.31
0.00472316 1494.82
0.00496879 1496.36
0.00536472 1498.02
0.00637793 1499.67
0.01 1500
