0 1105.38
1.82588e-08 1105.38
8.32871e-05 1115.43
0.000170766 1126.37
0.000269786 1139.18
0.000399653 1156.55
0.000613629 1186.2
0.00114041 1260.34
0.00254242 1414.54
0.00328396 1458.43
0.00368068 1473.11
0.00395488 1480.52
0.00416575 1484.98
0.00433809 1487.96
0.00448481 1490.08
0.0046136 1491.68
0.0047295 1492.92
0.00483606 1493.91
0.004936 1494.74
0.00503153 1495.43
0.00512462 1496.03
0.00521719 1496.56
0.00531129 1497.03
0.0054094 1497.46
0.00551482 1497.86
0.00563252 1498.25
0.00577099 1498.62
0.0059483 1498.99
0.0062238 1499.4
0.00690743 1499.85
0.01 1500
