0 1000
0.000361156 1000
0.000722311 1000
0.00108347 1000
0.00144462 1000
0.00180578 1000
0.00216693 1000.16
0.00252809 1001.94
0.00286297 1009.74
0.00311758 1024.43
0.00331928 1043.85
0.00351352 1069.87
0.00374105 1109.03
0.00404751 1172.83
0.00440866 1254.04
0.0047568 1326.82
0.00506224 1379.95
0.00534855 1418.83
0.00566941 1450.4
0.00602729 1473.23
0.00638844 1486.68
0.0067496 1493.9
0.00711075 1497.45
0.00747191 1499.04
0.00783307 1499.68
0.00819422 1499.91
0.00855538 1499.98
0.00891653 1500
0.00927769 1500
0.00963884 1500
0.01 1500
