0 1000
0.000342747 1000
0.000685493 1000
0.00102824 1000.13
0.00137099 1001.24
0.00171373 1006.16
0.00202939 1018.53
0.00229357 1038.02
0.00253586 1064.68
0.00281321 1105.32
0.00314507 1164.85
0.00348782 1232.05
0.00383056 1297.3
0.00417331 1354.65
0.00451606 1400.99
0.0048588 1435.85
0.00520155 1460.44
0.0055443 1476.81
0.00588704 1487.11
0.00622979 1493.23
0.00657253 1496.66
0.00691528 1498.47
0.00725803 1499.35
0.00760077 1499.75
0.00794352 1499.91
0.00828627 1499.97
0.00862901 1499.99
0.00897176 1500
0.00931451 1500
0.00965725 1500
0.01 1500
