0 1495.91
5.40003e-18 1495.91
2.52428e-06 1495.92
5.86454e-05 1496.09
0.00011645 1496.25
0.000176133 1496.42
0.000237836 1496.58
0.000301721 1496.74
0.000367966 1496.91
0.000436777 1497.07
0.000508386 1497.23
0.000583061 1497.39
0.00066111 1497.54
0.000742892 1497.7
0.00082883 1497.85
0.000919423 1498.01
0.00101527 1498.16
0.0011171 1498.31
0.0012258 1498.46
0.00134249 1498.6
0.0014686 1498.75
0.00160599 1498.89
0.00175716 1499.03
0.00192556 1499.17
0.00211625 1499.3
0.00233699 1499.43
0.00260088 1499.56
0.00293366 1499.69
0.00340999 1499.81
0.00444804 1499.94
0.01 1500
