0 1000
0.000380557 1000
0.000761114 1000
0.00114167 1000
0.00152223 1000
0.00190279 1000
0.00228334 1000
0.0026639 1000.01
0.00304446 1000.34
0.00342501 1004.3
0.00370303 1015.67
0.0038946 1031.39
0.00405977 1051.57
0.00422755 1078.69
0.00443811 1121.29
0.00474868 1195.8
0.00512924 1290.01
0.00543146 1355.23
0.00567483 1397.67
0.00592369 1431.22
0.00621831 1459.32
0.00657499 1480.13
0.00695554 1491.67
0.0073361 1496.9
0.00771666 1499
0.00809721 1499.73
0.00847777 1499.94
0.00885833 1499.99
0.00923889 1500
0.00961944 1500
0.01 1500
