0 974.395
7.19099e-09 974.402
1.4382e-08 974.406
1.4382e-08 974.406
1.4382e-08 974.406
1.4382e-08 974.406
1.4382e-08 974.408
2.05972e-05 988.864
9.33888e-05 1004.53
0.000645741 1000
0.00119809 1000
0.00175044 1000
0.0023028 1000
0.00285515 1000
0.0034075 1000
0.00395985 1000.55
0.00434837 1007.81
0.00459179 1024.36
0.004786 1049.03
0.0050132 1092.56
0.00539819 1193.94
0.00581854 1311.41
0.0061158 1379.3
0.00639333 1426.05
0.00674569 1464.05
0.00723824 1489.17
0.00779059 1497.92
0.00834294 1499.74
0.0088953 1499.98
0.00944765 1500
0.01 1500
