0 1000
0.000377131 1000
0.000754262 1000
0.00113139 1000
0.00150852 1000
0.00188565 1000
0.00226279 1000
0.00263992 1000.01
0.00301705 1000.55
0.00338732 1005.5
0.00365138 1017.62
0.0038373 1033.7
0.00400365 1054.6
0.00417919 1083.56
0.00441599 1132.5
0.00476121 1215.95
0.00512607 1303.79
0.0054177 1363.81
0.00566315 1404.31
0.00592155 1436.84
0.00623555 1464.09
0.00660582 1483.08
0.00698295 1492.92
0.00736008 1497.36
0.00773721 1499.15
0.00811435 1499.77
0.00849148 1499.95
0.00886861 1499.99
0.00924574 1500
0.00962287 1500
0.01 1500
