0 1019
4.28323e-16 1019
4.47972e-05 1021.15
8.94883e-05 1023.47
0.000133725 1025.92
0.000177539 1028.53
0.000220955 1031.28
0.000263987 1034.17
0.000306638 1037.2
0.000348897 1040.37
0.000390717 1043.67
0.00043194 1047.09
0.000472444 1050.6
0.000512306 1054.21
0.00055172 1057.92
0.000590828 1061.74
0.000629696 1065.68
0.000668581 1069.76
0.000708338 1074.07
0.000751114 1078.85
0.000802332 1084.79
0.000880385 1094.25
0.00106694 1118.7
0.00120857 1138.74
0.00127844 1149
0.00134564 1159.06
0.00144861 1174.78
0.00170235 1214.39
0.00273761 1361.65
0.00636881 1499.05
0.01 1500
