0 1000
0.000358708 1000
0.000717415 1000
0.00107612 1000
0.00143483 1000
0.00179354 1000.01
0.00215225 1000.34
0.00251095 1003.13
0.00282444 1012.48
0.00306193 1027.89
0.00326198 1048.36
0.00346607 1076.9
0.00372708 1123.64
0.00407083 1196.81
0.00442953 1275.86
0.00476538 1342.3
0.00506496 1390.79
0.00536238 1427.74
0.00569551 1457
0.00605422 1477.02
0.00641292 1488.59
0.00677163 1494.78
0.00713034 1497.82
0.00748905 1499.18
0.00784775 1499.73
0.00820646 1499.92
0.00856517 1499.98
0.00892388 1500
0.00928258 1500
0.00964129 1500
0.01 1500
