0 1426.84
1.27693e-14 1426.84
7.49279e-05 1430.46
0.00015083 1434
0.000228238 1437.45
0.000307328 1440.84
0.000388292 1444.16
0.000471345 1447.42
0.000556726 1450.61
0.00064471 1453.74
0.000735609 1456.8
0.000829784 1459.8
0.000927654 1462.74
0.00102972 1465.62
0.00113657 1468.44
0.00124893 1471.2
0.00136768 1473.89
0.00149394 1476.53
0.00162913 1479.11
0.00177511 1481.62
0.00193441 1484.07
0.00211057 1486.45
0.00230884 1488.77
0.00253745 1491.01
0.00281067 1493.19
0.00315755 1495.28
0.00365721 1497.32
0.00459632 1499.18
0.00633768 1499.95
0.00816884 1500
0.01 1500
