0 1029.55
2.02912e-16 1029.55
1.58999e-05 1030.54
3.16064e-05 1031.54
4.71981e-05 1032.55
6.29031e-05 1033.6
7.89553e-05 1034.69
9.5613e-05 1035.84
0.000113184 1037.08
0.000132064 1038.45
0.0001528 1039.99
0.00017622 1041.78
0.000203753 1043.94
0.000238514 1046.76
0.000291286 1051.26
0.000394211 1060.75
0.000443515 1065.63
0.000473245 1068.68
0.000514606 1073.04
0.000602632 1082.8
0.000773679 1103.49
0.00103954 1139.51
0.00141517 1195.55
0.00191867 1272.16
0.00257336 1359.3
0.00341164 1435.64
0.00448425 1481.87
0.00579249 1497.56
0.00719499 1499.87
0.0085975 1500
0.01 1500
