0 1498.4
1.99254e-16 1498.4
3.63494e-06 1498.41
5.87792e-05 1498.47
0.000115875 1498.54
0.000174875 1498.6
0.000235925 1498.66
0.000299188 1498.73
0.000364847 1498.79
0.00043311 1498.85
0.000504216 1498.91
0.000578436 1498.97
0.000656085 1499.04
0.000737529 1499.1
0.000823198 1499.16
0.000913603 1499.22
0.00100935 1499.27
0.0011112 1499.33
0.00122004 1499.39
0.00133703 1499.45
0.00146362 1499.51
0.00160171 1499.56
0.00175387 1499.62
0.00192364 1499.67
0.00211618 1499.72
0.00233947 1499.78
0.00260694 1499.83
0.00294502 1499.88
0.00343013 1499.92
0.00448516 1499.98
0.01 1500
