0 1499.93
1.82729e-08 1499.93
5.68256e-05 1499.93
0.000114562 1499.94
0.000173892 1499.94
0.000235251 1499.94
0.000298795 1499.94
0.000364697 1499.95
0.000433155 1499.95
0.000504393 1499.95
0.000578666 1499.95
0.000656266 1499.96
0.000737534 1499.96
0.000822863 1499.96
0.000912718 1499.96
0.00100765 1499.97
0.00110832 1499.97
0.00121553 1499.97
0.00133028 1499.97
0.00145379 1499.98
0.00158767 1499.98
0.00173398 1499.98
0.00189552 1499.98
0.00207617 1499.99
0.00228162 1499.99
0.00252067 1499.99
0.00280819 1499.99
0.00317364 1499.99
0.00370071 1500
0.00482511 1500
0.01 1500
