0 1000
0.000388151 1000
0.000776301 1000
0.00116445 1000
0.0015526 1000
0.00194075 1000
0.0023289 1000
0.00271706 1000
0.00310521 1000.05
0.00349336 1001.46
0.00381267 1009
0.00402824 1022.44
0.00419388 1039.7
0.00434794 1061.98
0.0045161 1093.11
0.004767 1150.42
0.00515515 1250.88
0.00547529 1328.5
0.00572109 1378.12
0.0059481 1414.64
0.00619733 1444.75
0.0065128 1470.18
0.00689479 1487.24
0.00728294 1495.25
0.0076711 1498.48
0.00805925 1499.59
0.0084474 1499.91
0.00883555 1499.99
0.0092237 1500
0.00961185 1500
0.01 1500
