0 1164.8
7.19099e-09 1164.75
1.4382e-08 1164.73
1.4382e-08 1164.73
1.4382e-08 1164.73
1.4382e-08 1164.73
1.4382e-08 1164.72
2.05972e-05 1070.86
9.33888e-05 972.338
0.000645741 999.999
0.00119809 1000
0.00175044 1000
0.0023028 1000
0.00285515 1000
0.0034075 1000
0.00395985 1000.29
0.00434837 1005.45
0.00459179 1018.8
0.004786 1040.21
0.0050132 1080.17
0.00539819 1178.86
0.00581854 1298.95
0.0061158 1370.3
0.00639333 1420.12
0.00674569 1461.01
0.00723824 1488.22
0.00779059 1497.74
0.00834294 1499.71
0.0088953 1499.98
0.00944765 1500
0.01 1500
