0 1081.57
1.31601e-15 1081.57
2.50408e-05 1084.27
5.25206e-05 1087.28
8.43946e-05 1090.85
0.000123935 1095.36
0.000179498 1101.88
0.000290558 1115.46
0.0004194 1132.05
0.000471319 1138.96
0.000506709 1143.73
0.00054429 1148.85
0.000591252 1155.32
0.000649616 1163.46
0.000721036 1173.54
0.000807604 1185.9
0.000911866 1200.93
0.00103695 1219.04
0.00118672 1240.63
0.001366 1266.04
0.00158091 1295.38
0.00183923 1328.39
0.00215111 1364.13
0.00253006 1400.75
0.00299467 1435.43
0.00357183 1464.65
0.00430378 1485.3
0.00527024 1496.3
0.00663203 1499.69
0.00831602 1500
0.01 1500
