0 1000
0.000339535 1000.01
0.000679069 1000.25
0.0010186 1001.81
0.00135814 1007.61
0.00167791 1021.14
0.00195699 1042.45
0.00222496 1072.54
0.00253024 1117.59
0.00286977 1177.31
0.00320931 1240.9
0.00354884 1301.9
0.00388838 1355.55
0.00422791 1399.37
0.00456745 1432.95
0.00490698 1457.25
0.00524652 1473.94
0.00558605 1484.84
0.00592558 1491.61
0.00626512 1495.6
0.00660465 1497.83
0.00694419 1499
0.00728372 1499.57
0.00762326 1499.83
0.00796279 1499.94
0.00830233 1499.98
0.00864186 1499.99
0.0089814 1500
0.00932093 1500
0.00966047 1500
0.01 1500
