0 1499.74
1.36157e-10 1499.74
5.98467e-05 1499.75
0.000116043 1499.76
0.000173777 1499.77
0.000233468 1499.78
0.000295265 1499.79
0.000359336 1499.8
0.00042587 1499.81
0.000495082 1499.82
0.000567217 1499.83
0.000642556 1499.84
0.000721423 1499.85
0.000804198 1499.86
0.000891325 1499.87
0.000983331 1499.88
0.00108085 1499.89
0.00118465 1499.9
0.00129567 1499.91
0.00141511 1499.91
0.00154447 1499.92
0.00168574 1499.93
0.00184157 1499.94
0.00201567 1499.95
0.00221342 1499.96
0.00244319 1499.96
0.00271907 1499.97
0.00306889 1499.98
0.00357253 1499.99
0.0046588 1500
0.01 1500
