0 1375.76
1.39508e-09 1375.76
8.88182e-05 1382.53
0.000177536 1389.05
0.000266408 1395.33
0.000355759 1401.4
0.000445901 1407.26
0.000537142 1412.93
0.000629795 1418.44
0.000724186 1423.78
0.000820664 1428.96
0.000919606 1434
0.00102143 1438.9
0.00112662 1443.66
0.00123572 1448.29
0.00134937 1452.79
0.00146833 1457.16
0.00159354 1461.41
0.00172614 1465.53
0.0018676 1469.53
0.00201981 1473.4
0.00218532 1477.15
0.00236767 1480.75
0.00257202 1484.22
0.00280641 1487.53
0.00308458 1490.68
0.00343426 1493.66
0.00393351 1496.48
0.00490691 1499.04
0.00718757 1499.98
0.01 1500
