0 1499.83
1.3788e-08 1499.83
5.60323e-05 1499.84
0.000112944 1499.84
0.00017141 1499.85
0.000231855 1499.86
0.000294428 1499.86
0.000359298 1499.87
0.000426658 1499.88
0.000496722 1499.88
0.00056974 1499.89
0.000645994 1499.9
0.000725812 1499.9
0.000809576 1499.91
0.000897736 1499.91
0.000990824 1499.92
0.00108948 1499.93
0.00119448 1499.93
0.00130677 1499.94
0.00142756 1499.94
0.00155838 1499.95
0.00170123 1499.95
0.00185879 1499.96
0.00203482 1499.97
0.00223477 1499.97
0.00246711 1499.98
0.00274614 1499.98
0.00310013 1499.99
0.00361004 1499.99
0.00470662 1500
0.01 1500
