0 1000.01
0.000337207 1000.21
0.000674413 1001.5
0.00101162 1006.32
0.00134683 1018.62
0.00164965 1039.63
0.00193288 1069.41
0.00224424 1112.96
0.00258145 1169.57
0.00291866 1230.51
0.00325587 1289.94
0.00359307 1343.31
0.00393028 1387.97
0.00426749 1423.14
0.00460469 1449.37
0.0049419 1467.98
0.00527911 1480.59
0.00561631 1488.75
0.00595352 1493.79
0.00629073 1496.74
0.00662793 1498.39
0.00696514 1499.26
0.00730235 1499.68
0.00763955 1499.87
0.00797676 1499.95
0.00831397 1499.99
0.00865117 1500
0.00898838 1500
0.00932559 1500
0.00966279 1500
0.01 1500
