0 1499.89
4.50038e-18 1499.89
1.82767e-07 1499.89
5.68826e-05 1499.89
0.00011537 1499.9
0.000175865 1499.9
0.000238523 1499.91
0.000303517 1499.91
0.000371045 1499.92
0.000441329 1499.92
0.000514623 1499.92
0.000591218 1499.93
0.000671453 1499.93
0.00075572 1499.94
0.000844482 1499.94
0.000938286 1499.95
0.00103779 1499.95
0.0011438 1499.95
0.00125729 1499.96
0.00137951 1499.96
0.00151203 1499.97
0.0016569 1499.97
0.00181692 1499.97
0.00199594 1499.98
0.0021996 1499.98
0.00243663 1499.98
0.00272178 1499.99
0.00308419 1499.99
0.00360691 1499.99
0.00472679 1500
0.01 1500
