0 1492.75
4.27874e-20 1492.75
9.05784e-08 1492.75
5.7568e-05 1493.06
0.000116599 1493.36
0.000177492 1493.65
0.000240388 1493.95
0.000305445 1494.24
0.000372842 1494.53
0.000442781 1494.82
0.000515493 1495.11
0.00059124 1495.39
0.000670329 1495.67
0.000753115 1495.95
0.000840013 1496.23
0.000931517 1496.5
0.00102822 1496.77
0.00113083 1497.03
0.00124025 1497.29
0.00135756 1497.55
0.00148417 1497.81
0.00162193 1498.06
0.00177328 1498.3
0.00194164 1498.55
0.00213199 1498.78
0.00235197 1499.01
0.00261448 1499.24
0.00294484 1499.46
0.00341668 1499.67
0.00444496 1499.9
0.01 1500
